%Time (s)	Theta (rad)	Omega (rad/s)
	%3/2/20174:38 PM
0.1000	0.0000	-0.0838
0.2000	0.0126	-0.0838
0.3000	0.0126	0.0000
0.4000	0.0126	-0.0105
0.5000	0.0126	-0.0105
0.6000	0.0126	0.0524
0.7000	0.0251	0.1780
0.8000	0.0503	0.3770
0.9000	0.1005	0.5655
1.0000	0.1634	0.7330
1.1000	0.2513	1.0786
1.2000	0.3770	1.3195
1.3000	0.5152	1.5499
1.4000	0.6912	1.9373
1.5000	0.9048	2.3771
1.6000	1.1687	2.8693
1.7000	1.4828	3.4767
1.8000	1.8724	4.4192
1.9000	2.3625	5.1941
2.0000	2.9028	5.7177
2.1000	3.4935	5.9690
2.2000	4.0589	4.6810
2.3000	4.4485	4.2202
2.4000	4.9260	4.6914
2.5000	5.3658	4.1155
2.6000	5.7680	4.3878
2.7000	6.2455	4.7124
2.8000	6.6979	4.4296
2.9000	7.1503	4.8904
3.0000	7.6906	5.8329
3.1000	8.3189	6.8068
3.2000	9.0478	7.7074
3.3000	9.8395	7.9168
3.4000	10.6060	7.2466
3.5000	11.2846	6.4926
3.6000	11.9129	6.0214
3.7000	12.5035	6.0214
3.8000	13.1319	6.4717
3.9000	13.8104	7.2990
4.0000	14.6021	8.9012
4.1000	15.5069	7.2676
4.2000	16.0221	4.6810
4.3000	16.4494	2.4295
4.4000	16.5248	0.4922
4.5000	16.6127	1.0263
4.6000	16.7384	1.5813
4.7000	16.9269	2.0420
4.8000	17.1405	2.2934
4.9000	17.3793	2.3562
5.0000	17.6055	2.2096
5.1000	17.8191	2.0735
5.2000	18.0076	1.4765
5.3000	18.1081	0.6388
5.4000	18.1458	0.1571
5.5000	18.1584	0.3770
5.6000	18.2212	0.5550
5.7000	18.2589	0.3037
5.8000	18.2841	0.1780
5.9000	18.2966	0.1257
6.0000	18.3092	0.0524
6.1000	18.3092	0.0628
6.2000	18.3218	0.0628
6.3000	18.3218	0.0419
6.4000	18.3343	0.1571
6.5000	18.3595	0.5445
6.6000	18.4349	0.6283
6.7000	18.4726	0.1990
6.8000	18.4851	0.2199
6.9000	18.5228	0.4817
7.0000	18.5731	0.3560
7.1000	18.5982	0.4084
7.2000	18.6611	0.6807
7.3000	18.7365	0.9529
7.4000	18.8621	1.6441
7.5000	19.0632	2.2515
7.6000	19.3019	2.5237
7.7000	19.5533	2.3248
7.8000	19.7543	1.7069
7.9000	19.8926	1.0577
8.0000	19.9680	0.4294
8.1000	19.9931	0.2827
8.2000	20.0434	0.7645
8.3000	20.1565	1.5603
8.4000	20.3575	2.4295
8.5000	20.6340	3.0264
8.6000	20.9481	3.1311
8.7000	21.2497	2.9007
8.8000	21.5262	2.6389
