%Time (s)	Theta (rad)	Omega (rad/s)
	%3/2/20174:35 PM
0.1000	0.0000	-0.0105
0.2000	0.0000	0.0524
0.3000	0.0126	0.1780
0.4000	0.0377	0.3875
0.5000	0.0880	0.5027
0.6000	0.1382	0.6178
0.7000	0.2136	0.8273
0.8000	0.3016	0.9320
0.9000	0.4021	1.1310
1.0000	0.5278	1.3299
1.1000	0.6660	1.4451
1.2000	0.8168	1.5708
1.3000	0.9802	1.6860
1.4000	1.1561	1.8850
1.5000	1.3572	2.0839
1.6000	1.5708	2.1782
1.7000	1.7970	2.4504
1.8000	2.0609	2.7122
1.9000	2.3373	2.8903
2.0000	2.6389	3.0788
2.1000	2.9531	3.2777
2.2000	3.2924	3.4976
2.3000	3.6317	2.8170
2.4000	3.8704	2.6913
2.5000	4.1972	3.6442
2.6000	4.5867	3.9898
2.7000	4.9888	4.1678
2.8000	5.4161	4.2097
2.9000	5.8308	4.2516
3.0000	6.2706	4.4715
3.1000	6.7230	4.5763
3.2000	7.1880	4.7752
3.3000	7.6781	4.9428
3.4000	8.1807	5.2779
3.5000	8.7336	5.8015
3.6000	9.2991	4.4715
3.7000	9.6635	4.5867
3.8000	10.2542	6.2099
3.9000	10.8699	6.2518
4.0000	11.4982	6.1889
4.1000	12.1140	6.4088
4.2000	12.7800	6.6078
4.3000	13.4334	6.6916
4.4000	14.1246	7.2361
4.5000	14.8409	6.2308
4.6000	15.3561	4.8695
4.7000	15.8085	3.4348
4.8000	16.0221	0.9844
4.9000	16.0473	0.1466
5.0000	16.0850	0.4712
5.1000	16.1352	0.3875
5.2000	16.1604	0.2409
5.3000	16.1855	0.1990
5.4000	16.1981	0.0524
5.5000	16.1981	-0.0105
5.6000	16.1981	0.0000
5.7000	16.1981	0.0000
5.8000	16.1981	0.0000
5.9000	16.1981	0.0000
6.0000	16.1981	-0.0105
6.1000	16.1981	0.0733
6.2000	16.2106	0.0733
6.3000	16.2106	-0.0105
6.4000	16.2106	0.0000
6.5000	16.2106	0.0000
6.6000	16.2106	-0.0105
6.7000	16.2106	0.0628
6.8000	16.2232	0.1466
6.9000	16.2358	0.0419
7.0000	16.2358	0.1257
7.1000	16.2609	0.1990
7.2000	16.2735	0.1885
7.3000	16.2986	0.2094
7.4000	16.3111	0.0524
7.5000	16.3111	-0.0209
7.6000	16.3111	0.0733
