%Time (s)	Theta (rad)	Omega (rad/s)
	%3/2/20174:37 PM
0.1000	0.0000	-0.0105
0.2000	0.0000	0.0524
0.3000	0.0126	0.1885
0.4000	0.0377	0.3037
0.5000	0.0754	0.5027
0.6000	0.1382	0.6912
0.7000	0.2136	0.8901
0.8000	0.3142	1.0053
0.9000	0.4147	1.1205
1.0000	0.5404	1.3195
1.1000	0.6786	1.5184
1.2000	0.8419	1.6336
1.3000	1.0053	1.7488
1.4000	1.1938	1.9583
1.5000	1.3949	2.0630
1.6000	1.6085	2.2619
1.7000	1.8473	2.4400
1.8000	2.0986	2.7018
1.9000	2.3876	2.9740
2.0000	2.6892	3.0683
2.1000	3.0034	3.2673
2.2000	3.3427	3.4662
2.3000	3.6945	3.5814
2.4000	4.0589	3.7071
2.5000	4.4359	3.8223
2.6000	4.8255	4.0212
2.7000	5.2402	4.2097
2.8000	5.6674	4.4192
2.9000	6.1198	4.4611
3.0000	6.5596	4.5029
3.1000	7.0246	4.7333
3.2000	7.5021	4.7543
3.3000	7.9796	4.9323
3.4000	8.4949	5.5083
3.5000	9.0478	4.5867
3.6000	9.4373	4.6810
3.7000	10.0154	6.0423
3.8000	10.6186	6.1785
3.9000	11.2469	6.3146
4.0000	11.8752	6.1785
4.1000	12.4910	6.3984
4.2000	13.1570	6.6706
4.3000	13.8230	6.8382
4.4000	14.5267	7.1524
4.5000	15.2430	7.2152
4.6000	15.9342	6.1261
4.7000	16.4242	3.4139
4.8000	16.6253	0.9948
4.9000	16.6756	0.5236
5.0000	16.7510	0.6597
5.1000	16.8012	0.4189
5.2000	16.8389	0.3875
5.3000	16.8766	0.2513
5.4000	16.8892	0.1047
5.5000	16.9018	0.1047
5.6000	16.9143	0.2618
5.7000	16.9520	0.3456
5.8000	16.9772	0.1780
5.9000	16.9897	0.1257
6.0000	17.0023	0.0524
6.1000	17.0023	0.0628
6.2000	17.0149	0.0628
6.3000	17.0149	0.0628
6.4000	17.0274	0.0733
6.5000	17.0274	-0.0209
6.6000	17.0274	0.0733
6.7000	17.0400	0.0733
6.8000	17.0400	-0.0105
6.9000	17.0400	-0.0000
7.0000	17.0400	-0.0000
7.1000	17.0400	-0.0105
7.2000	17.0400	0.0733
7.3000	17.0526	0.0733
7.4000	17.0526	-0.0105
7.5000	17.0526	0.0000
7.6000	17.0526	0.0000
7.7000	17.0526	0.0000
7.8000	17.0526	0.0000
7.9000	17.0526	0.0000
8.0000	17.0526	0.0000
8.1000	17.0526	0.0000
8.2000	17.0526	0.0000
8.3000	17.0526	0.0000
8.4000	17.0526	0.0000
8.5000	17.0526	-0.0105
