%Time (s)	Theta (rad)	Omega (rad/s)
	%3/2/20174:39 PM
0.1000	0.0000	-0.0105
0.2000	0.0000	0.0419
0.3000	0.0126	0.2513
0.4000	0.0503	0.4503
0.5000	0.1005	0.5445
0.6000	0.1634	0.8168
0.7000	0.2639	1.0786
0.8000	0.3770	1.2357
0.9000	0.5152	1.5603
1.0000	0.6912	1.9373
1.1000	0.9048	2.3771
1.2000	1.1687	2.8798
1.3000	1.4828	3.4034
1.4000	1.8598	4.3563
1.5000	2.3499	5.2779
1.6000	2.8777	4.7647
1.7000	3.2924	3.8118
1.8000	3.6819	4.6600
1.9000	4.2097	4.9637
2.0000	4.6244	3.0997
2.1000	4.8758	3.2044
2.2000	5.2904	4.1783
2.3000	5.6926	4.2621
2.4000	6.1450	4.4925
2.5000	6.5973	4.8904
2.6000	7.1377	5.8434
2.7000	7.7660	6.7125
2.8000	8.4823	7.7911
2.9000	9.2991	7.9901
3.0000	10.0531	7.2257
3.1000	10.7442	6.5764
3.2000	11.3726	6.0004
3.3000	11.9632	6.1052
3.4000	12.6041	6.4717
3.5000	13.2701	7.2047
3.6000	14.0618	8.7441
3.7000	14.9791	9.1420
3.8000	15.7834	5.5083
3.9000	16.0724	1.6232
4.0000	16.1981	1.2985
4.1000	16.3488	1.2252
4.2000	16.4368	0.7540
4.3000	16.5122	0.7959
4.4000	16.6002	0.9634
4.5000	16.7007	0.9529
4.6000	16.7887	0.8796
4.7000	16.8766	0.8378
4.8000	16.9520	0.6178
4.9000	17.0023	0.5027
5.0000	17.0526	0.3875
5.1000	17.0777	0.1676
5.2000	17.0903	0.1257
5.3000	17.1028	0.0628
5.4000	17.1028	-0.0209
5.5000	17.1028	0.0628
5.6000	17.1154	0.0838
5.7000	17.1280	0.3979
5.8000	17.2034	1.0367
5.9000	17.3290	1.4556
6.0000	17.4798	1.3928
6.1000	17.5929	0.8168
6.2000	17.6432	0.2618
6.3000	17.6558	0.0942
6.4000	17.6683	0.1361
6.5000	17.6809	0.0628
6.6000	17.6809	-0.0209
6.7000	17.6809	0.0419
6.8000	17.6934	0.2199
6.9000	17.7311	0.6283
7.0000	17.8191	0.9948
