%Time(s)	Speed(rpm)		
	%3/13/201511:43 AM
0.010	101.400
0.020	101.100
0.030	101.100
0.040	101.300
0.050	101.300
0.060	101.700
0.070	101.700
0.080	101.900
0.090	101.600
0.100	101.600
0.110	101.600
0.120	101.200
0.130	101.200
0.140	100.900
0.150	100.900
0.160	100.500
0.170	100.300
0.180	100.200
0.190	99.800
0.200	100.000
0.210	99.800
0.220	99.700
0.230	99.500
0.240	99.500
0.250	99.500
0.260	99.200
0.270	99.100
0.280	98.600
0.290	98.700
0.300	98.200
0.310	98.100
0.320	98.000
0.330	97.800
0.340	97.600
0.350	97.600
0.360	97.600
0.370	97.500
0.380	97.400
0.390	97.400
0.400	97.500
0.410	98.200
0.420	98.200
0.430	98.900
0.440	99.200
0.450	99.200
0.460	99.300
0.470	99.500
0.480	99.400
0.490	99.600
0.500	99.200
0.510	99.400
0.520	99.500
0.530	99.700
0.540	99.800
0.550	99.900
0.560	99.900
0.570	100.000
0.580	100.100
0.590	100.100
0.600	99.600
0.610	99.800
0.620	99.600
0.630	99.700
0.640	99.800
0.650	99.800
0.660	99.500
0.670	99.300
0.680	99.800
0.690	99.500
0.700	99.600
0.710	99.500
0.720	99.400
0.730	99.400
0.740	99.100
0.750	99.100
0.760	98.900
0.770	98.900
0.780	99.000
0.790	98.800
0.800	98.900
0.810	99.200
0.820	99.000
0.830	99.300
0.840	99.500
0.850	99.800
0.860	99.500
0.870	99.700
0.880	99.800
0.890	99.800
0.900	99.700
0.910	99.500
0.920	99.800
0.930	99.500
0.940	99.400
0.950	99.800
0.960	99.700
0.970	99.700
0.980	99.700
0.990	100.000
1.000	100.000
1.010	100.400
1.020	100.500
1.030	100.300
1.040	100.400
1.050	100.800
1.060	100.600
1.070	100.100
1.080	99.800
1.090	100.300
1.100	99.700
1.110	99.700
1.120	99.600
1.130	99.300
1.140	99.200
1.150	99.400
1.160	99.600
1.170	99.500
1.180	99.900
1.190	99.600
1.200	100.300
1.210	100.200
1.220	100.000
1.230	99.900
1.240	99.800
1.250	99.800
1.260	99.800
1.270	99.700
1.280	99.600
1.290	99.600
1.300	99.600
1.310	99.700
1.320	99.700
1.330	99.600
1.340	99.800
1.350	99.800
1.360	100.200
1.370	100.200
1.380	100.000
1.390	100.000
1.400	100.200
1.410	100.400
1.420	100.300
1.430	100.600
1.440	100.600
1.450	100.400
1.460	100.300
1.470	100.500
1.480	100.500
1.490	100.700
1.500	100.600
1.510	100.500
1.520	100.500
1.530	100.700
1.540	100.500
1.550	100.200
1.560	100.100
1.570	99.900
1.580	99.900
1.590	99.800
1.600	99.800
1.610	99.500
1.620	99.500
1.630	99.800
1.640	99.900
1.650	100.000
1.660	100.100
1.670	100.500
1.680	100.500
1.690	100.000
1.700	99.700
1.710	99.800
1.720	99.500
1.730	99.400
1.740	99.400
1.750	99.400
1.760	99.500
1.770	99.400
1.780	99.600
1.790	99.800
1.800	99.300
1.810	100.000
1.820	99.800
1.830	100.000
1.840	100.300
1.850	100.600
1.860	100.200
1.870	100.700
1.880	100.300
1.890	100.600
1.900	100.300
1.910	100.500
1.920	100.400
1.930	100.100
1.940	100.000
1.950	100.200
1.960	100.400
1.970	100.500
1.980	100.400
1.990	100.500
2.000	100.600
2.010	100.600
2.020	100.200
2.030	100.300
2.040	100.000
2.050	100.000
2.060	99.600
2.070	99.600
2.080	99.600
2.090	99.300
2.100	99.500
2.110	99.800
2.120	99.400
2.130	99.400
2.140	99.700
2.150	99.900
2.160	99.700
2.170	99.800
2.180	99.500
2.190	99.400
2.200	99.500
2.210	99.700
2.220	99.600
2.230	99.400
2.240	100.000
2.250	99.600
2.260	99.600
2.270	99.900
2.280	99.800
2.290	99.800
2.300	99.700
2.310	100.000
2.320	100.200
2.330	99.800
2.340	100.000
2.350	99.900
2.360	100.300
2.370	100.100
2.380	100.100
2.390	100.100
2.400	100.000
2.410	99.900
2.420	100.100
2.430	100.000
2.440	100.600
2.450	100.200
2.460	100.700
2.470	100.300
2.480	100.400
2.490	100.300
2.500	99.900
2.510	99.900
2.520	99.800
2.530	99.800
2.540	99.900
2.550	99.900
2.560	99.900
2.570	99.800
2.580	100.300
2.590	100.200
2.600	100.300
2.610	100.300
2.620	100.200
2.630	100.400
2.640	100.100
2.650	99.900
2.660	99.900
2.670	99.800
2.680	100.000
2.690	99.800
2.700	99.400
2.710	100.200
2.720	99.900
2.730	100.200
2.740	100.200
2.750	99.900
2.760	100.500
2.770	100.600
2.780	100.700
2.790	101.200
2.800	101.400
2.810	101.200
2.820	101.200
2.830	101.400
2.840	101.300
2.850	101.300
2.860	101.400
2.870	101.300
2.880	101.000
2.890	100.900
2.900	101.200
2.910	101.300
2.920	101.400
2.930	101.000
2.940	101.200
2.950	101.200
2.960	101.300
2.970	101.200
2.980	101.200
2.990	101.000
3.000	101.100
3.010	101.100
3.020	100.500
3.030	100.800
3.040	99.600
3.050	98.800
3.060	98.000
3.070	96.200
3.080	93.900
3.090	91.800
3.100	89.600
3.110	86.600
3.120	83.400
3.130	79.900
3.140	76.400
3.150	72.600
3.160	68.800
3.170	64.700
3.180	60.800
3.190	56.900
3.200	52.600
3.210	48.600
3.220	44.500
3.230	40.800
3.240	36.600
3.250	33.300
3.260	29.500
3.270	26.700
3.280	23.800
3.290	20.400
3.300	18.500
3.310	16.500
3.320	14.200
3.330	11.600
3.340	11.600
3.350	11.600
3.360	11.600
3.370	8.800
3.380	8.800
3.390	8.800
3.400	8.800
3.410	8.800
3.420	8.800
3.430	6.200
3.440	6.200
3.450	6.200
3.460	6.200
3.470	6.200
3.480	6.200
3.490	4.100
3.500	4.100
3.510	4.100
3.520	4.100
3.530	4.100
3.540	4.100
3.550	4.100
3.560	4.100
3.570	2.500
3.580	2.500
3.590	2.500
3.600	2.500
3.610	2.500
3.620	2.500
3.630	2.500
3.640	2.500
3.650	2.500
3.660	2.500
3.670	2.500
3.680	2.500
3.690	2.500
3.700	1.500
3.710	1.500
3.720	1.500
3.730	1.500
3.740	1.500
3.750	1.500
3.760	1.500
3.770	1.500
3.780	1.500
3.790	1.500
3.800	1.500
3.810	1.500
3.820	1.500
3.830	1.500
3.840	1.500
3.850	1.500
3.860	1.500
3.870	1.500
3.880	1.500
3.890	1.500
3.900	1.500
3.910	1.500
3.920	1.500
3.930	1.500
3.940	1.500
3.950	1.500
3.960	1.500
3.970	1.500
3.980	1.500
3.990	1.500
4.000	1.500
4.010	1.500
4.020	1.500
4.030	1.500
4.040	1.500
4.050	1.500
4.060	1.500
4.070	1.500
4.080	1.500
4.090	1.500
4.100	1.500
4.110	1.500
4.120	1.500
4.130	1.500
4.140	1.500
4.150	1.500
4.160	1.500
4.170	1.500
4.180	1.500
4.190	1.500
4.200	1.500
4.210	1.500
4.220	1.500
4.230	1.500
4.240	1.500
4.250	1.500
4.260	1.500
4.270	1.500
4.280	1.500
4.290	1.500
4.300	1.500
4.310	1.500
4.320	1.500
4.330	1.500
4.340	1.500
4.350	1.500
4.360	1.500
4.370	1.500
4.380	1.500
4.390	1.500
4.400	1.500
4.410	1.500
4.420	1.500
4.430	1.500
4.440	1.500
4.450	1.500
4.460	1.500
4.470	1.500
4.480	1.500
4.490	1.500
4.500	1.500
4.510	1.500
4.520	1.500
4.530	1.500
4.540	1.500
4.550	1.500
4.560	1.500
4.570	1.500
4.580	1.500
4.590	1.500
4.600	1.500
4.610	1.500
4.620	1.500
4.630	1.500
4.640	1.500
4.650	1.500
4.660	1.500
4.670	1.500
4.680	1.500
4.690	1.500
4.700	1.500
4.710	1.500
4.720	1.500
4.730	1.500
4.740	1.500
4.750	1.500
4.760	1.500
4.770	1.500
4.780	1.500
4.790	1.500
4.800	1.500
4.810	1.500
4.820	1.500
4.830	1.500
4.840	1.500
4.850	1.500
4.860	1.500
4.870	1.500
4.880	1.500
4.890	1.500
4.900	1.500
4.910	1.500
4.920	1.500
4.930	1.500
4.940	1.500
4.950	1.500
4.960	1.500
4.970	1.500
4.980	1.500
4.990	1.500
5.000	1.500
