%Time(s)	Speed(rpm)		
	%3/13/201511:14 AM
0.010	98.700
0.020	98.900
0.030	98.800
0.040	98.700
0.050	98.800
0.060	99.100
0.070	99.300
0.080	99.200
0.090	99.400
0.100	99.400
0.110	99.300
0.120	99.300
0.130	99.200
0.140	99.100
0.150	99.000
0.160	99.000
0.170	99.300
0.180	99.200
0.190	99.300
0.200	99.400
0.210	99.400
0.220	99.400
0.230	99.500
0.240	99.500
0.250	99.200
0.260	99.400
0.270	99.400
0.280	99.000
0.290	98.900
0.300	98.700
0.310	98.400
0.320	98.400
0.330	98.500
0.340	98.300
0.350	98.300
0.360	97.900
0.370	98.200
0.380	98.100
0.390	98.400
0.400	98.500
0.410	98.900
0.420	99.100
0.430	99.400
0.440	99.300
0.450	99.200
0.460	99.400
0.470	99.500
0.480	99.300
0.490	99.300
0.500	99.100
0.510	98.900
0.520	98.800
0.530	99.100
0.540	99.100
0.550	99.100
0.560	99.300
0.570	99.300
0.580	99.400
0.590	99.300
0.600	99.300
0.610	99.200
0.620	99.100
0.630	99.100
0.640	99.200
0.650	99.200
0.660	99.300
0.670	99.300
0.680	99.400
0.690	99.400
0.700	99.500
0.710	99.300
0.720	99.400
0.730	98.900
0.740	100.500
0.750	99.300
0.760	99.100
0.770	99.100
0.780	98.900
0.790	99.000
0.800	99.000
0.810	98.900
0.820	98.900
0.830	98.800
0.840	98.500
0.850	98.500
0.860	98.500
0.870	98.900
0.880	99.000
0.890	99.400
0.900	99.400
0.910	99.200
0.920	99.100
0.930	99.200
0.940	99.100
0.950	99.200
0.960	99.100
0.970	99.000
0.980	98.800
0.990	98.900
1.000	98.600
1.010	98.900
1.020	99.000
1.030	99.000
1.040	99.100
1.050	99.100
1.060	99.300
1.070	99.100
1.080	98.700
1.090	98.700
1.100	98.700
1.110	98.600
1.120	98.800
1.130	98.800
1.140	98.800
1.150	98.800
1.160	98.800
1.170	99.000
1.180	98.900
1.190	99.000
1.200	99.000
1.210	99.000
1.220	99.200
1.230	99.500
1.240	99.100
1.250	99.100
1.260	99.000
1.270	98.800
1.280	98.800
1.290	98.700
1.300	98.700
1.310	98.600
1.320	98.300
1.330	98.300
1.340	98.100
1.350	98.400
1.360	98.400
1.370	98.800
1.380	98.600
1.390	98.900
1.400	98.800
1.410	99.100
1.420	99.300
1.430	99.300
1.440	99.300
1.450	99.400
1.460	99.200
1.470	99.300
1.480	99.000
1.490	99.300
1.500	99.400
1.510	99.400
1.520	99.000
1.530	99.600
1.540	99.500
1.550	99.300
1.560	99.200
1.570	99.100
1.580	99.300
1.590	99.200
1.600	99.200
1.610	99.200
1.620	99.200
1.630	99.300
1.640	99.100
1.650	99.400
1.660	99.200
1.670	99.100
1.680	99.200
1.690	98.900
1.700	99.000
1.710	99.100
1.720	98.800
1.730	98.600
1.740	98.400
1.750	98.200
1.760	98.200
1.770	98.100
1.780	98.000
1.790	98.200
1.800	97.500
1.810	97.900
1.820	98.000
1.830	98.500
1.840	98.500
1.850	99.000
1.860	98.800
1.870	99.100
1.880	99.000
1.890	98.800
1.900	99.200
1.910	99.000
1.920	98.900
1.930	99.100
1.940	99.100
1.950	99.000
1.960	98.900
1.970	99.100
1.980	99.400
1.990	99.300
2.000	99.400
2.010	99.100
2.020	99.600
2.030	99.200
2.040	99.400
2.050	99.400
2.060	99.500
2.070	99.200
2.080	99.200
2.090	99.300
2.100	98.900
2.110	99.400
2.120	99.300
2.130	99.200
2.140	99.300
2.150	99.300
2.160	99.400
2.170	99.300
2.180	99.700
2.190	99.700
2.200	99.600
2.210	99.200
2.220	99.200
2.230	99.000
2.240	98.900
2.250	98.800
2.260	98.800
2.270	98.700
2.280	98.400
2.290	97.900
2.300	99.000
2.310	98.400
2.320	98.500
2.330	98.900
2.340	98.700
2.350	98.700
2.360	98.700
2.370	98.900
2.380	99.000
2.390	99.000
2.400	99.200
2.410	99.200
2.420	98.900
2.430	99.200
2.440	98.900
2.450	99.100
2.460	99.300
2.470	99.200
2.480	99.300
2.490	98.600
2.500	100.300
2.510	99.000
2.520	99.000
2.530	99.000
2.540	98.900
2.550	98.800
2.560	98.900
2.570	99.000
2.580	99.100
2.590	98.900
2.600	99.200
2.610	99.000
2.620	99.300
2.630	99.400
2.640	99.400
2.650	99.200
2.660	99.400
2.670	99.400
2.680	99.200
2.690	98.900
2.700	98.400
2.710	98.800
2.720	98.400
2.730	98.400
2.740	98.300
2.750	98.200
2.760	98.000
2.770	97.800
2.780	98.200
2.790	98.100
2.800	98.300
2.810	98.700
2.820	98.700
2.830	98.700
2.840	98.800
2.850	99.100
2.860	99.400
2.870	99.400
2.880	99.100
2.890	99.500
2.900	99.300
2.910	99.300
2.920	99.100
2.930	99.200
2.940	99.300
2.950	99.300
2.960	99.300
2.970	99.200
2.980	99.600
2.990	99.500
3.000	99.300
3.010	99.300
3.020	99.200
3.030	99.200
3.040	99.000
3.050	99.000
3.060	98.800
3.070	98.800
3.080	98.600
3.090	98.600
3.100	98.500
3.110	98.600
3.120	98.400
3.130	98.300
3.140	98.200
3.150	98.300
3.160	98.300
3.170	97.800
3.180	97.700
3.190	97.600
3.200	97.400
3.210	97.300
3.220	97.200
3.230	97.100
3.240	97.000
3.250	96.700
3.260	96.600
3.270	96.800
3.280	96.700
3.290	96.900
3.300	97.100
3.310	96.800
3.320	96.700
3.330	96.400
3.340	96.600
3.350	96.600
3.360	96.300
3.370	96.300
3.380	96.200
3.390	96.100
3.400	96.000
3.410	95.900
3.420	95.900
3.430	95.900
3.440	96.000
3.450	96.000
3.460	95.800
3.470	96.000
3.480	95.900
3.490	95.500
3.500	95.400
3.510	95.200
3.520	95.100
3.530	95.200
3.540	95.000
3.550	94.900
3.560	94.800
3.570	94.700
3.580	94.700
3.590	94.600
3.600	94.500
3.610	94.400
3.620	94.300
3.630	94.400
3.640	94.300
3.650	94.100
3.660	93.900
3.670	93.500
3.680	93.600
3.690	93.400
3.700	93.400
3.710	93.200
3.720	93.200
3.730	92.900
3.740	92.700
3.750	92.900
3.760	92.900
3.770	92.900
3.780	93.200
3.790	92.900
3.800	92.900
3.810	92.700
3.820	92.700
3.830	92.700
3.840	92.400
3.850	92.300
3.860	92.400
3.870	92.300
3.880	92.100
3.890	92.000
3.900	91.900
3.910	91.900
3.920	92.000
3.930	92.000
3.940	92.000
3.950	92.000
3.960	92.000
3.970	91.300
3.980	92.100
3.990	91.500
4.000	91.400
4.010	91.300
4.020	91.100
4.030	91.200
4.040	91.100
4.050	91.000
4.060	91.000
4.070	90.900
4.080	90.800
4.090	90.600
4.100	90.600
4.110	90.600
4.120	90.500
4.130	90.300
4.140	90.400
4.150	90.300
4.160	90.200
4.170	90.000
4.180	89.900
4.190	89.600
4.200	89.500
4.210	89.500
4.220	89.300
4.230	89.200
4.240	89.300
4.250	89.000
4.260	88.700
4.270	88.800
4.280	88.900
4.290	88.900
4.300	88.900
4.310	89.100
4.320	88.900
4.330	88.900
4.340	88.600
4.350	88.600
4.360	88.700
4.370	88.400
4.380	88.300
4.390	88.400
4.400	88.300
4.410	88.200
4.420	88.000
4.430	88.000
4.440	87.800
4.450	87.900
4.460	88.000
4.470	88.000
4.480	88.000
4.490	87.900
4.500	87.900
4.510	87.700
4.520	87.700
4.530	87.500
4.540	87.400
4.550	87.200
4.560	87.200
4.570	87.100
4.580	87.100
4.590	87.000
4.600	86.900
4.610	86.900
4.620	86.600
4.630	86.800
4.640	86.600
4.650	86.500
4.660	86.400
4.670	86.300
4.680	86.300
4.690	86.300
4.700	86.200
4.710	86.000
4.720	85.900
4.730	85.700
4.740	85.500
4.750	85.500
4.760	85.100
4.770	85.600
4.780	85.200
4.790	85.100
4.800	85.000
4.810	84.700
4.820	84.700
4.830	84.700
4.840	85.000
4.850	84.700
4.860	84.900
4.870	84.800
4.880	84.700
4.890	84.700
4.900	84.300
4.910	84.600
4.920	84.400
4.930	84.300
4.940	84.200
4.950	84.200
4.960	84.100
4.970	84.000
4.980	83.900
4.990	84.000
5.000	83.500
5.010	83.800
5.020	83.800
5.030	83.800
5.040	83.800
5.050	83.400
5.060	83.800
5.070	83.700
5.080	83.500
5.090	83.300
5.100	83.200
5.110	83.100
5.120	83.000
5.130	82.900
5.140	82.800
5.150	82.700
5.160	82.700
5.170	82.700
5.180	82.500
5.190	82.500
5.200	82.400
5.210	82.300
5.220	82.200
5.230	82.100
5.240	82.100
5.250	81.900
5.260	82.000
5.270	81.900
5.280	81.800
5.290	81.700
5.300	81.500
5.310	81.300
5.320	81.300
5.330	81.200
5.340	81.100
5.350	81.000
5.360	81.000
5.370	80.900
5.380	80.600
5.390	80.500
5.400	80.500
5.410	80.500
5.420	80.400
5.430	80.400
5.440	80.600
5.450	80.500
5.460	80.400
5.470	80.400
5.480	80.400
5.490	80.200
5.500	80.200
5.510	80.100
5.520	79.900
5.530	79.900
5.540	79.900
5.550	79.800
5.560	79.700
5.570	79.700
5.580	79.500
5.590	79.300
5.600	79.400
5.610	79.400
5.620	79.400
5.630	79.300
5.640	79.300
5.650	79.300
5.660	79.300
5.670	79.200
5.680	79.100
5.690	78.900
5.700	78.800
5.710	78.700
5.720	78.500
5.730	78.600
5.740	78.400
5.750	78.300
5.760	78.300
5.770	78.300
5.780	78.200
5.790	78.100
5.800	77.900
5.810	77.900
5.820	77.900
5.830	77.800
5.840	77.700
5.850	77.500
5.860	77.500
5.870	77.500
5.880	77.500
5.890	77.300
5.900	77.100
5.910	77.000
5.920	76.900
5.930	76.800
5.940	76.700
5.950	76.600
5.960	76.600
5.970	76.600
5.980	76.400
5.990	76.300
6.000	76.000
6.010	76.000
6.020	76.100
6.030	76.000
6.040	76.000
6.050	76.000
6.060	76.100
6.070	76.000
6.080	75.900
6.090	75.800
6.100	75.800
6.110	75.700
6.120	75.800
6.130	75.600
6.140	75.500
6.150	75.400
6.160	75.400
6.170	75.300
6.180	75.300
6.190	75.200
6.200	75.100
6.210	74.800
6.220	74.800
6.230	74.900
6.240	74.800
6.250	74.900
6.260	74.700
6.270	74.800
6.280	74.800
6.290	74.100
6.300	75.000
6.310	74.500
6.320	74.300
6.330	74.300
6.340	74.200
6.350	74.000
6.360	74.000
6.370	73.900
6.380	73.900
6.390	73.700
6.400	73.700
6.410	73.700
6.420	73.600
6.430	73.400
6.440	73.400
6.450	73.400
6.460	73.300
6.470	73.200
6.480	73.200
6.490	73.000
6.500	72.900
6.510	73.000
6.520	72.900
6.530	72.800
6.540	72.700
6.550	72.400
6.560	72.400
6.570	72.200
6.580	72.100
6.590	72.100
6.600	72.000
6.610	71.900
6.620	71.900
6.630	71.900
6.640	71.800
6.650	71.500
6.660	71.400
6.670	71.400
6.680	71.400
6.690	71.400
6.700	71.500
6.710	71.200
6.720	71.400
6.730	71.400
6.740	71.300
6.750	71.200
6.760	71.100
6.770	71.100
6.780	71.000
6.790	71.000
6.800	70.800
6.810	70.800
6.820	70.800
6.830	70.700
6.840	70.600
6.850	70.500
6.860	70.500
6.870	70.400
6.880	70.000
6.890	70.200
6.900	70.300
6.910	70.200
6.920	70.100
6.930	70.100
6.940	70.000
6.950	69.900
6.960	69.900
6.970	69.900
6.980	69.900
6.990	69.800
7.000	69.500
7.010	69.500
7.020	69.300
7.030	69.300
7.040	69.200
7.050	69.200
7.060	69.000
7.070	69.000
7.080	68.900
7.090	68.900
7.100	68.800
7.110	68.700
7.120	68.400
7.130	68.500
7.140	68.600
7.150	68.400
7.160	68.000
7.170	68.800
7.180	68.100
7.190	68.100
7.200	68.000
7.210	68.000
7.220	67.900
7.230	67.900
7.240	67.700
7.250	67.600
7.260	67.400
7.270	67.300
7.280	67.300
7.290	67.200
7.300	67.100
7.310	67.100
7.320	67.100
7.330	67.000
7.340	66.900
7.350	66.400
7.360	66.700
7.370	66.600
7.380	66.500
7.390	66.500
7.400	66.500
7.410	66.400
7.420	66.400
7.430	66.500
7.440	66.400
7.450	66.300
7.460	66.200
7.470	66.100
7.480	66.100
7.490	66.100
7.500	65.900
7.510	65.800
7.520	65.900
7.530	65.700
7.540	65.800
7.550	65.800
7.560	65.600
7.570	65.500
7.580	65.500
7.590	65.400
7.600	65.200
7.610	65.100
7.620	65.200
7.630	65.200
7.640	65.100
7.650	65.100
7.660	65.000
7.670	65.000
7.680	64.800
7.690	64.700
7.700	64.800
7.710	64.700
7.720	64.200
7.730	64.400
7.740	64.500
7.750	64.200
7.760	64.100
7.770	64.100
7.780	64.000
7.790	63.900
7.800	63.900
7.810	63.900
7.820	63.800
7.830	63.700
7.840	63.600
7.850	63.300
7.860	63.400
7.870	63.400
7.880	63.300
7.890	63.300
7.900	63.200
7.910	63.100
7.920	63.000
7.930	62.900
7.940	62.800
7.950	62.800
7.960	62.600
7.970	62.800
7.980	62.600
7.990	62.500
8.000	62.400
8.010	62.200
8.020	62.200
8.030	62.100
8.040	62.000
8.050	61.900
8.060	61.900
8.070	61.800
8.080	61.800
8.090	61.700
8.100	61.500
8.110	61.400
8.120	61.400
8.130	61.400
8.140	61.300
8.150	61.200
8.160	61.200
8.170	61.200
8.180	61.200
8.190	61.100
8.200	61.100
8.210	61.000
8.220	60.900
8.230	60.800
8.240	60.900
8.250	60.900
8.260	60.800
8.270	60.700
8.280	60.600
8.290	60.500
8.300	60.500
8.310	60.500
8.320	60.400
8.330	60.300
8.340	60.200
8.350	60.200
8.360	60.200
8.370	60.000
8.380	59.800
8.390	59.900
8.400	59.900
8.410	59.800
8.420	59.800
8.430	59.700
8.440	59.600
8.450	59.500
8.460	59.400
8.470	59.300
8.480	59.300
8.490	59.400
8.500	59.400
8.510	59.000
8.520	59.000
8.530	58.900
8.540	58.800
8.550	58.700
8.560	58.700
8.570	58.700
8.580	58.600
8.590	58.500
8.600	58.500
8.610	58.300
8.620	58.300
8.630	58.300
8.640	58.100
8.650	58.100
8.660	57.900
8.670	57.900
8.680	57.800
8.690	57.800
8.700	57.800
8.710	57.700
8.720	57.600
8.730	57.600
8.740	57.400
8.750	57.400
8.760	57.400
8.770	57.300
8.780	57.000
8.790	56.800
8.800	57.500
8.810	56.900
8.820	56.800
8.830	56.700
8.840	56.600
8.850	56.600
8.860	56.500
8.870	56.500
8.880	56.400
8.890	56.300
8.900	56.300
8.910	56.200
8.920	56.100
8.930	56.000
8.940	55.900
8.950	55.900
8.960	55.700
8.970	55.700
8.980	55.700
8.990	55.700
9.000	55.600
9.010	55.600
9.020	55.500
9.030	55.600
9.040	55.400
9.050	55.400
9.060	55.400
9.070	55.300
9.080	55.200
9.090	55.200
9.100	55.200
9.110	55.000
9.120	55.000
9.130	54.900
9.140	54.900
9.150	54.800
9.160	54.800
9.170	54.700
9.180	54.700
9.190	54.600
9.200	54.500
9.210	54.500
9.220	54.400
9.230	54.300
9.240	54.100
9.250	54.100
9.260	54.200
9.270	54.100
9.280	54.000
9.290	54.000
9.300	54.000
9.310	53.900
9.320	53.800
9.330	53.700
9.340	53.500
9.350	53.600
9.360	53.600
9.370	53.600
9.380	53.500
9.390	53.300
9.400	53.200
9.410	53.100
9.420	53.100
9.430	53.000
9.440	53.000
9.450	52.900
9.460	52.900
9.470	52.700
9.480	52.700
9.490	52.600
9.500	52.600
9.510	52.500
9.520	52.500
9.530	52.400
9.540	52.300
9.550	52.100
9.560	52.200
9.570	52.100
9.580	52.000
9.590	52.000
9.600	52.000
9.610	51.900
9.620	51.800
9.630	51.700
9.640	51.600
9.650	51.500
9.660	51.400
9.670	51.400
9.680	51.300
9.690	51.300
9.700	51.200
9.710	51.100
9.720	50.900
9.730	50.900
9.740	50.700
9.750	51.300
9.760	50.600
9.770	50.600
9.780	50.600
9.790	50.500
9.800	50.400
9.810	50.400
9.820	50.400
9.830	50.400
9.840	50.300
9.850	50.100
9.860	49.900
9.870	49.900
9.880	49.900
9.890	49.800
9.900	49.700
9.910	49.700
9.920	49.600
9.930	49.600
9.940	49.600
9.950	49.500
9.960	49.500
9.970	49.500
9.980	49.400
9.990	49.300
10.000	49.200
10.010	49.200
10.020	49.100
10.030	49.000
10.040	49.100
10.050	49.000
10.060	48.900
10.070	48.900
10.080	48.800
10.090	48.800
10.100	48.700
10.110	48.600
10.120	48.600
10.130	48.500
10.140	48.500
10.150	48.400
10.160	48.400
10.170	48.300
10.180	48.200
10.190	48.200
10.200	48.000
10.210	47.900
10.220	48.000
10.230	47.900
10.240	47.900
10.250	47.800
10.260	47.700
10.270	47.700
10.280	47.600
10.290	47.600
10.300	47.600
10.310	47.200
10.320	47.200
10.330	47.500
10.340	47.100
10.350	47.200
10.360	47.200
10.370	47.100
10.380	46.900
10.390	46.800
10.400	46.800
10.410	46.700
10.420	46.700
10.430	46.600
10.440	46.500
10.450	46.500
10.460	46.400
10.470	46.400
10.480	46.300
10.490	46.200
10.500	46.200
10.510	46.100
10.520	46.100
10.530	46.000
10.540	45.900
10.550	45.800
10.560	45.800
10.570	45.700
10.580	45.700
10.590	45.600
10.600	45.500
10.610	45.500
10.620	45.400
10.630	45.400
10.640	45.300
10.650	45.200
10.660	45.100
10.670	45.000
10.680	45.000
10.690	44.900
10.700	44.800
10.710	44.700
10.720	44.600
10.730	44.600
10.740	44.600
10.750	44.500
10.760	44.400
10.770	44.300
10.780	44.300
10.790	44.200
10.800	44.100
10.810	44.100
10.820	44.000
10.830	43.900
10.840	43.900
10.850	43.800
10.860	43.800
10.870	43.800
10.880	43.700
10.890	43.600
10.900	43.600
10.910	43.500
10.920	43.400
10.930	43.300
10.940	43.200
10.950	43.200
10.960	43.100
10.970	43.100
10.980	43.000
10.990	42.900
11.000	42.800
11.010	42.800
11.020	42.800
11.030	43.000
11.040	42.600
11.050	42.600
11.060	42.600
11.070	42.500
11.080	42.500
11.090	42.400
11.100	42.300
11.110	42.300
11.120	42.200
11.130	42.200
11.140	42.100
11.150	42.100
11.160	42.000
11.170	41.900
11.180	41.900
11.190	41.900
11.200	41.900
11.210	41.800
11.220	41.700
11.230	41.700
11.240	41.600
11.250	41.500
11.260	41.500
11.270	41.400
11.280	41.400
11.290	41.300
11.300	41.200
11.310	41.100
11.320	41.100
11.330	41.000
11.340	41.000
11.350	41.000
11.360	40.900
11.370	40.800
11.380	40.800
11.390	40.700
11.400	40.700
11.410	40.600
11.420	40.500
11.430	40.400
11.440	40.400
11.450	40.300
11.460	40.300
11.470	40.200
11.480	40.100
11.490	40.000
11.500	40.000
11.510	40.100
11.520	40.000
11.530	39.800
11.540	39.700
11.550	39.600
11.560	39.600
11.570	39.500
11.580	39.500
11.590	39.400
11.600	39.400
11.610	39.300
11.620	39.300
11.630	39.200
11.640	39.100
11.650	39.100
11.660	39.000
11.670	38.800
11.680	38.700
11.690	39.000
11.700	38.900
11.710	38.800
11.720	38.600
11.730	38.500
11.740	38.500
11.750	38.400
11.760	38.400
11.770	38.300
11.780	38.300
11.790	38.200
11.800	38.100
11.810	38.100
11.820	38.100
11.830	38.000
11.840	37.900
11.850	37.800
11.860	37.700
11.870	37.700
11.880	37.600
11.890	37.500
11.900	37.400
11.910	37.300
11.920	37.300
11.930	37.200
11.940	37.200
11.950	37.100
11.960	37.100
11.970	37.000
11.980	37.000
11.990	36.900
12.000	36.900
12.010	36.700
12.020	36.600
12.030	36.600
12.040	36.700
12.050	36.600
12.060	36.500
12.070	36.400
12.080	36.300
12.090	36.300
12.100	36.200
12.110	36.200
12.120	36.200
12.130	36.100
12.140	36.000
12.150	36.000
12.160	35.900
12.170	35.800
12.180	35.700
12.190	35.700
12.200	35.500
12.210	35.500
12.220	35.400
12.230	35.500
12.240	35.500
12.250	35.400
12.260	35.300
12.270	35.200
12.280	35.200
12.290	35.100
12.300	35.100
12.310	34.900
12.320	34.900
12.330	34.800
12.340	34.800
12.350	34.800
12.360	34.700
12.370	34.600
12.380	34.600
12.390	34.600
12.400	34.500
12.410	34.500
12.420	34.400
12.430	34.400
12.440	34.300
12.450	34.200
12.460	34.200
12.470	34.100
12.480	34.100
12.490	34.000
12.500	34.000
12.510	34.000
12.520	33.900
12.530	33.900
12.540	33.800
12.550	33.800
12.560	33.700
12.570	33.700
12.580	33.600
12.590	33.500
12.600	33.400
12.610	33.400
12.620	33.400
12.630	33.300
12.640	33.300
12.650	33.200
12.660	33.100
12.670	33.000
12.680	32.900
12.690	32.900
12.700	32.900
12.710	32.800
12.720	32.800
12.730	32.600
12.740	32.400
12.750	32.500
12.760	32.500
12.770	32.400
12.780	32.300
12.790	32.200
12.800	32.200
12.810	32.100
12.820	32.100
12.830	32.000
12.840	32.000
12.850	31.900
12.860	31.800
12.870	31.800
12.880	31.700
12.890	31.600
12.900	31.600
12.910	31.600
12.920	31.600
12.930	31.500
12.940	31.400
12.950	31.300
12.960	31.200
12.970	31.100
12.980	31.100
12.990	31.000
13.000	31.000
13.010	30.900
13.020	30.900
13.030	30.800
13.040	30.800
13.050	30.800
13.060	30.700
13.070	30.600
13.080	30.600
13.090	30.500
13.100	30.500
13.110	30.400
13.120	30.400
13.130	30.300
13.140	30.200
13.150	30.200
13.160	30.100
13.170	30.100
13.180	30.000
13.190	29.900
13.200	29.800
13.210	29.800
13.220	29.800
13.230	29.700
13.240	29.700
13.250	29.600
13.260	29.500
13.270	29.500
13.280	29.400
13.290	29.300
13.300	29.300
13.310	29.200
13.320	29.100
13.330	29.100
13.340	29.000
13.350	29.000
13.360	28.900
13.370	28.800
13.380	28.700
13.390	28.700
13.400	28.600
13.410	28.500
13.420	28.400
13.430	28.400
13.440	28.300
13.450	28.300
13.460	28.200
13.470	28.100
13.480	28.100
13.490	28.100
13.500	28.000
13.510	28.000
13.520	28.000
13.530	27.900
13.540	27.800
13.550	27.800
13.560	27.700
13.570	27.700
13.580	27.600
13.590	27.500
13.600	27.500
13.610	27.400
13.620	27.400
13.630	27.300
13.640	27.300
13.650	27.200
13.660	27.200
13.670	27.100
13.680	27.100
13.690	27.000
13.700	27.000
13.710	27.000
13.720	26.900
13.730	26.900
13.740	26.800
13.750	26.700
13.760	26.700
13.770	26.600
13.780	26.500
13.790	26.500
13.800	26.400
13.810	26.300
13.820	26.300
13.830	26.200
13.840	26.200
13.850	26.100
13.860	26.100
13.870	26.000
13.880	26.000
13.890	25.900
13.900	25.800
13.910	25.800
13.920	25.700
13.930	25.700
13.940	25.600
13.950	25.600
13.960	25.500
13.970	25.400
13.980	25.400
13.990	25.300
14.000	25.300
14.010	25.200
14.020	25.100
14.030	25.100
14.040	25.000
14.050	25.000
14.060	25.000
14.070	24.900
14.080	24.900
14.090	24.800
14.100	24.700
14.110	24.700
14.120	24.700
14.130	24.600
14.140	24.500
14.150	24.500
14.160	24.400
14.170	24.400
14.180	24.300
14.190	24.300
14.200	24.200
14.210	24.200
14.220	24.100
14.230	24.100
14.240	24.100
14.250	24.000
14.260	24.000
14.270	24.000
14.280	23.900
14.290	23.800
14.300	23.800
14.310	23.700
14.320	23.700
14.330	23.600
14.340	23.600
14.350	23.500
14.360	23.500
14.370	23.400
14.380	23.400
14.390	23.300
14.400	23.200
14.410	23.200
14.420	23.100
14.430	23.100
14.440	23.000
14.450	22.900
14.460	22.900
14.470	22.800
14.480	22.700
14.490	22.700
14.500	22.700
14.510	22.600
14.520	22.500
14.530	22.500
14.540	22.400
14.550	22.300
14.560	22.300
14.570	22.200
14.580	22.100
14.590	22.100
14.600	22.000
14.610	21.900
14.620	21.900
14.630	21.800
14.640	21.800
14.650	21.700
14.660	21.600
14.670	21.600
14.680	21.500
14.690	21.400
14.700	21.400
14.710	21.300
14.720	21.300
14.730	21.200
14.740	21.100
14.750	21.100
14.760	21.000
14.770	20.900
14.780	20.900
14.790	20.800
14.800	20.800
14.810	20.700
14.820	20.600
14.830	20.600
14.840	20.500
14.850	20.500
14.860	20.500
14.870	20.400
14.880	20.400
14.890	20.300
14.900	20.200
14.910	20.100
14.920	20.100
14.930	20.000
14.940	20.000
14.950	19.900
14.960	19.900
14.970	19.800
14.980	19.800
14.990	19.700
15.000	19.700
15.010	19.600
15.020	19.600
15.030	19.500
15.040	19.500
15.050	19.400
15.060	19.400
15.070	19.300
15.080	19.300
15.090	19.200
15.100	19.200
15.110	19.100
15.120	19.100
15.130	19.000
15.140	19.000
15.150	18.900
15.160	18.900
15.170	18.900
15.180	18.800
15.190	18.800
15.200	18.700
15.210	18.600
15.220	18.600
15.230	18.500
15.240	18.500
15.250	18.500
15.260	18.400
15.270	18.300
15.280	18.300
15.290	18.200
15.300	18.100
15.310	18.100
15.320	18.000
15.330	18.000
15.340	18.000
15.350	17.900
15.360	17.800
15.370	17.800
15.380	17.700
15.390	17.700
15.400	17.600
15.410	17.600
15.420	17.500
15.430	17.400
15.440	17.400
15.450	17.300
15.460	17.300
15.470	17.200
15.480	17.100
15.490	17.100
15.500	17.000
15.510	16.900
15.520	16.800
15.530	16.800
15.540	16.800
15.550	16.700
15.560	16.700
15.570	16.600
15.580	16.500
15.590	16.500
15.600	16.400
15.610	16.400
15.620	16.300
15.630	16.300
15.640	16.200
15.650	16.200
15.660	16.100
15.670	16.000
15.680	16.000
15.690	15.900
15.700	15.900
15.710	15.800
15.720	15.700
15.730	15.700
15.740	15.600
15.750	15.600
15.760	15.500
15.770	15.500
15.780	15.400
15.790	15.400
15.800	15.300
15.810	15.200
15.820	15.200
15.830	15.200
15.840	15.100
15.850	15.100
15.860	15.000
15.870	15.000
15.880	14.900
15.890	14.900
15.900	14.800
15.910	14.800
15.920	14.700
15.930	14.700
15.940	14.600
15.950	14.600
15.960	14.500
15.970	14.500
15.980	14.400
15.990	14.400
16.000	14.300
16.010	14.300
16.020	14.200
16.030	14.200
16.040	14.100
16.050	14.100
16.060	14.100
16.070	14.000
16.080	14.000
16.090	13.900
16.100	13.900
16.110	13.800
16.120	13.800
16.130	13.700
16.140	13.700
16.150	13.700
16.160	13.600
16.170	13.600
16.180	13.500
16.190	13.500
16.200	13.400
16.210	13.400
16.220	13.400
16.230	13.300
16.240	13.300
16.250	13.200
16.260	13.200
16.270	13.100
16.280	13.100
16.290	13.000
16.300	13.000
16.310	13.000
16.320	12.900
16.330	12.900
16.340	12.800
16.350	12.700
16.360	12.700
16.370	12.700
16.380	12.600
16.390	12.500
16.400	12.500
16.410	12.400
16.420	12.400
16.430	12.300
16.440	12.300
16.450	12.200
16.460	12.200
16.470	12.100
16.480	12.100
16.490	12.000
16.500	12.000
16.510	11.900
16.520	11.900
16.530	11.800
16.540	11.700
16.550	11.700
16.560	11.700
16.570	11.600
16.580	11.500
16.590	11.500
16.600	11.400
16.610	11.400
16.620	11.300
16.630	11.300
16.640	11.200
16.650	11.200
16.660	11.100
16.670	11.000
16.680	11.000
16.690	10.900
16.700	10.900
16.710	10.800
16.720	10.800
16.730	10.700
16.740	10.700
16.750	10.600
16.760	10.600
16.770	10.500
16.780	10.500
16.790	10.400
16.800	10.300
16.810	10.200
16.820	10.200
16.830	10.100
16.840	10.100
16.850	10.000
16.860	10.000
16.870	9.900
16.880	9.900
16.890	9.900
16.900	9.800
16.910	9.700
16.920	9.700
16.930	9.600
16.940	9.500
16.950	9.500
16.960	9.400
16.970	9.400
16.980	9.300
16.990	9.300
17.000	9.200
17.010	9.100
17.020	9.100
17.030	9.000
17.040	9.000
17.050	9.000
17.060	8.900
17.070	8.800
17.080	8.800
17.090	8.700
17.100	8.600
17.110	8.600
17.120	8.600
17.130	8.500
17.140	8.500
17.150	8.400
17.160	8.300
17.170	8.300
17.180	8.300
17.190	8.200
17.200	8.200
17.210	8.100
17.220	8.000
17.230	8.000
17.240	8.000
17.250	7.900
17.260	7.900
17.270	7.800
17.280	7.800
17.290	7.700
17.300	7.700
17.310	7.600
17.320	7.600
17.330	7.500
17.340	7.500
17.350	7.400
17.360	7.400
17.370	7.400
17.380	7.300
17.390	7.300
17.400	7.200
17.410	7.200
17.420	7.100
17.430	7.100
17.440	7.000
17.450	7.000
17.460	7.000
17.470	6.900
17.480	6.800
17.490	6.800
17.500	6.800
17.510	6.700
17.520	6.700
17.530	6.600
17.540	6.500
17.550	6.500
17.560	6.500
17.570	6.400
17.580	6.400
17.590	6.300
17.600	6.300
17.610	6.200
17.620	6.100
17.630	6.100
17.640	6.100
17.650	6.100
17.660	6.000
17.670	5.900
17.680	5.900
17.690	5.800
17.700	5.800
17.710	5.800
17.720	5.800
17.730	5.700
17.740	5.600
17.750	5.600
17.760	5.500
17.770	5.500
17.780	5.400
17.790	5.400
17.800	5.300
17.810	5.300
17.820	5.200
17.830	5.200
17.840	5.200
17.850	5.200
17.860	5.100
17.870	5.100
17.880	5.000
17.890	5.000
17.900	4.900
17.910	4.900
17.920	4.800
17.930	4.800
17.940	4.800
17.950	4.700
17.960	4.700
17.970	4.500
17.980	4.500
17.990	4.400
18.000	4.400
18.010	4.400
18.020	4.300
18.030	4.300
18.040	4.200
18.050	4.200
18.060	4.200
18.070	4.100
18.080	4.100
18.090	4.000
18.100	4.000
18.110	4.000
18.120	3.800
18.130	3.800
18.140	3.800
18.150	3.700
18.160	3.700
18.170	3.700
18.180	3.600
18.190	3.600
18.200	3.600
18.210	3.400
18.220	3.400
18.230	3.400
18.240	3.400
18.250	3.200
18.260	3.200
18.270	3.200
18.280	3.100
18.290	3.100
18.300	3.100
18.310	3.100
18.320	2.900
18.330	2.900
18.340	2.900
18.350	2.900
18.360	2.700
18.370	2.700
18.380	2.700
18.390	2.700
18.400	2.700
18.410	2.500
18.420	2.500
18.430	2.500
18.440	2.500
18.450	2.500
18.460	2.300
18.470	2.300
18.480	2.300
18.490	2.300
18.500	2.300
18.510	2.300
18.520	2.300
18.530	2.100
18.540	2.100
18.550	2.100
18.560	2.100
18.570	2.100
18.580	2.100
18.590	2.100
18.600	2.100
18.610	2.100
18.620	2.100
18.630	2.100
18.640	1.700
18.650	1.700
18.660	1.700
18.670	1.700
18.680	1.700
18.690	1.700
18.700	1.700
18.710	1.700
18.720	1.700
18.730	1.700
18.740	1.700
18.750	1.700
18.760	1.700
18.770	1.700
18.780	1.700
18.790	1.700
18.800	1.700
18.810	1.700
18.820	1.700
18.830	1.700
18.840	1.700
18.850	1.700
18.860	1.700
18.870	1.700
18.880	1.700
18.890	1.700
18.900	1.700
18.910	1.700
18.920	1.700
18.930	1.700
18.940	1.700
18.950	1.700
18.960	1.700
18.970	1.700
18.980	1.700
18.990	1.700
19.000	1.700
19.010	1.700
19.020	1.700
19.030	1.700
19.040	1.700
19.050	1.700
19.060	1.700
19.070	1.700
19.080	1.700
19.090	1.700
19.100	1.700
19.110	1.700
19.120	1.700
19.130	1.700
19.140	1.700
19.150	1.700
19.160	1.700
19.170	1.700
19.180	1.700
19.190	1.700
19.200	1.700
19.210	1.700
19.220	1.700
19.230	1.700
19.240	1.700
19.250	1.700
19.260	1.700
19.270	1.700
19.280	1.700
19.290	1.700
19.300	1.700
19.310	1.700
19.320	1.700
19.330	1.700
19.340	1.700
19.350	1.700
19.360	1.700
19.370	1.700
19.380	1.700
19.390	1.700
19.400	1.700
19.410	1.700
19.420	1.700
19.430	1.700
19.440	1.700
19.450	1.700
19.460	1.700
19.470	1.700
19.480	1.700
19.490	1.700
19.500	1.700
19.510	1.700
19.520	1.700
19.530	1.700
19.540	1.700
19.550	1.700
