%Time(s)	Speed(rpm)		
	%3/22/20171:08 PM
0.010	109.500
0.020	109.700
0.030	109.600
0.040	109.700
0.050	109.900
0.060	109.700
0.070	109.800
0.080	109.800
0.090	110.100
0.100	110.100
0.110	109.700
0.120	109.800
0.130	109.800
0.140	109.600
0.150	109.000
0.160	109.400
0.170	109.200
0.180	109.100
0.190	109.200
0.200	109.100
0.210	108.900
0.220	109.600
0.230	109.400
0.240	109.500
0.250	109.500
0.260	109.400
0.270	109.500
0.280	109.500
0.290	109.400
0.300	109.300
0.310	109.600
0.320	109.500
0.330	109.600
0.340	109.900
0.350	109.500
0.360	109.700
0.370	109.800
0.380	110.000
0.390	109.600
0.400	109.800
0.410	109.700
0.420	109.900
0.430	109.900
0.440	109.700
0.450	110.100
0.460	110.000
0.470	110.100
0.480	110.200
0.490	109.900
0.500	110.000
0.510	110.000
0.520	110.200
0.530	109.700
0.540	109.600
0.550	109.500
0.560	109.500
0.570	109.200
0.580	108.900
0.590	108.900
0.600	108.800
0.610	109.000
0.620	108.900
0.630	109.200
0.640	109.900
0.650	109.800
0.660	110.000
0.670	110.000
0.680	109.700
0.690	109.700
0.700	109.700
0.710	109.200
0.720	109.700
0.730	109.600
0.740	109.500
0.750	109.300
0.760	109.700
0.770	109.500
0.780	109.700
0.790	109.800
0.800	109.800
0.810	109.900
0.820	109.900
0.830	109.900
0.840	110.100
0.850	110.000
0.860	110.300
0.870	110.100
0.880	110.300
0.890	110.200
0.900	110.400
0.910	110.200
0.920	110.300
0.930	110.600
0.940	110.300
0.950	110.200
0.960	110.100
0.970	110.000
0.980	110.000
0.990	109.600
1.000	109.700
1.010	109.700
1.020	109.600
1.030	109.500
1.040	109.600
1.050	109.700
1.060	110.000
1.070	110.300
1.080	110.100
1.090	110.300
1.100	109.900
1.110	109.600
1.120	110.000
1.130	109.700
1.140	109.700
1.150	109.800
1.160	109.900
1.170	109.600
1.180	109.800
1.190	109.700
1.200	109.900
1.210	110.200
1.220	110.200
1.230	110.200
1.240	110.000
1.250	110.000
1.260	110.100
1.270	110.000
1.280	110.300
1.290	110.300
1.300	110.200
1.310	110.400
1.320	110.400
1.330	110.500
1.340	110.500
1.350	110.700
1.360	110.400
1.370	110.600
1.380	110.400
1.390	110.700
1.400	110.300
1.410	110.200
1.420	109.900
1.430	109.900
1.440	109.900
1.450	109.500
1.460	109.500
1.470	109.000
1.480	109.900
1.490	110.100
1.500	110.300
1.510	110.300
1.520	110.400
1.530	110.200
1.540	110.300
1.550	110.100
1.560	109.900
1.570	110.000
1.580	109.600
1.590	109.900
1.600	109.800
1.610	109.800
1.620	109.800
1.630	109.900
1.640	110.100
1.650	109.900
1.660	109.700
1.670	109.900
1.680	109.600
1.690	109.500
1.700	109.300
1.710	109.600
1.720	109.200
1.730	109.100
1.740	109.200
1.750	108.700
1.760	108.600
1.770	108.600
1.780	108.600
1.790	108.700
1.800	108.300
1.810	108.200
1.820	108.200
1.830	108.000
1.840	107.700
1.850	107.600
1.860	107.600
1.870	107.300
1.880	107.200
1.890	107.200
1.900	107.400
1.910	107.500
1.920	107.800
1.930	108.000
1.940	108.100
1.950	107.300
1.960	108.200
1.970	108.000
1.980	108.100
1.990	108.000
2.000	108.200
2.010	108.000
2.020	108.500
2.030	108.600
2.040	108.600
2.050	108.800
2.060	108.700
2.070	109.500
2.080	109.100
2.090	109.000
2.100	109.100
2.110	109.200
2.120	109.400
2.130	109.400
2.140	109.400
2.150	109.200
2.160	109.300
2.170	109.400
2.180	109.400
2.190	109.600
2.200	109.300
2.210	109.500
2.220	109.700
2.230	109.400
2.240	109.400
2.250	109.400
2.260	109.200
2.270	108.800
2.280	108.800
2.290	108.500
2.300	108.500
2.310	108.400
2.320	108.400
2.330	108.400
2.340	108.500
2.350	109.000
2.360	108.900
2.370	108.900
2.380	108.900
2.390	109.100
2.400	108.900
2.410	108.800
2.420	108.900
2.430	108.700
2.440	108.600
2.450	108.500
2.460	108.700
2.470	108.700
2.480	108.700
2.490	108.800
2.500	109.100
2.510	108.900
2.520	108.900
2.530	109.000
2.540	109.000
2.550	109.100
2.560	109.500
2.570	109.100
2.580	109.200
2.590	109.300
2.600	109.400
2.610	109.500
2.620	109.300
2.630	109.200
2.640	109.300
2.650	109.400
2.660	109.200
2.670	109.000
2.680	108.900
2.690	108.700
2.700	108.500
2.710	108.300
2.720	108.300
2.730	108.400
2.740	108.500
2.750	108.600
2.760	108.700
2.770	108.800
2.780	109.300
2.790	109.200
2.800	109.400
2.810	109.200
2.820	109.100
2.830	109.000
2.840	108.900
2.850	108.800
2.860	108.800
2.870	108.700
2.880	108.800
2.890	108.700
2.900	108.700
2.910	108.900
2.920	109.000
2.930	109.600
2.940	109.200
2.950	109.400
2.960	109.300
2.970	109.400
2.980	109.400
2.990	109.200
3.000	108.600
3.010	109.300
3.020	109.100
3.030	109.000
3.040	109.000
3.050	108.700
3.060	108.500
3.070	108.600
3.080	108.600
3.090	108.200
3.100	108.200
3.110	108.000
3.120	108.000
3.130	107.700
3.140	107.200
3.150	107.200
3.160	106.900
3.170	106.800
3.180	106.800
3.190	106.800
3.200	106.800
3.210	107.000
3.220	106.700
3.230	106.900
3.240	106.600
3.250	106.400
3.260	106.300
3.270	106.300
3.280	106.100
3.290	105.800
3.300	105.700
3.310	105.700
3.320	105.600
3.330	105.700
3.340	105.600
3.350	105.600
3.360	106.000
3.370	105.500
3.380	105.200
3.390	105.400
3.400	105.200
3.410	105.200
3.420	104.900
3.430	104.900
3.440	104.700
3.450	104.800
3.460	104.600
3.470	104.500
3.480	104.400
3.490	104.200
3.500	103.900
3.510	104.700
3.520	104.000
3.530	103.800
3.540	103.700
3.550	103.600
3.560	103.500
3.570	103.400
3.580	102.900
3.590	102.700
3.600	102.600
3.610	102.400
3.620	102.100
3.630	102.200
3.640	102.200
3.650	102.400
3.660	102.500
3.670	102.200
3.680	102.500
3.690	101.900
3.700	101.900
3.710	101.700
3.720	102.100
3.730	101.400
3.740	101.200
3.750	101.000
3.760	101.200
3.770	101.200
3.780	101.200
3.790	101.200
3.800	101.200
3.810	101.200
3.820	101.000
3.830	100.900
3.840	100.900
3.850	100.800
3.860	100.600
3.870	100.400
3.880	100.400
3.890	100.100
3.900	100.200
3.910	100.100
3.920	100.000
3.930	99.900
3.940	99.900
3.950	99.700
3.960	99.500
3.970	99.300
3.980	99.500
3.990	99.300
4.000	99.200
4.010	99.000
4.020	99.000
4.030	98.800
4.040	98.400
4.050	98.100
4.060	98.100
4.070	97.900
4.080	97.800
4.090	97.500
4.100	97.900
4.110	97.700
4.120	98.000
4.130	97.700
4.140	97.700
4.150	97.700
4.160	97.500
4.170	97.300
4.180	97.300
4.190	97.100
4.200	96.900
4.210	96.700
4.220	96.600
4.230	96.700
4.240	96.700
4.250	96.600
4.260	96.700
4.270	96.600
4.280	96.800
4.290	96.800
4.300	96.400
4.310	96.300
4.320	96.200
4.330	96.200
4.340	96.200
4.350	95.700
4.360	95.700
4.370	95.500
4.380	95.600
4.390	95.500
4.400	95.400
4.410	95.400
4.420	95.300
4.430	95.100
4.440	95.000
4.450	94.900
4.460	94.900
4.470	94.600
4.480	94.600
4.490	94.500
4.500	94.300
4.510	94.400
4.520	93.700
4.530	93.700
4.540	93.400
4.550	93.200
4.560	93.200
4.570	93.200
4.580	93.100
4.590	93.100
4.600	93.100
4.610	93.300
4.620	92.900
4.630	93.000
4.640	93.200
4.650	92.900
4.660	92.600
4.670	92.600
4.680	92.400
4.690	92.300
4.700	92.200
4.710	92.000
4.720	91.700
4.730	91.900
4.740	91.900
4.750	91.900
4.760	91.900
4.770	91.900
4.780	92.200
4.790	91.900
4.800	91.600
4.810	91.600
4.820	91.500
4.830	91.300
4.840	91.200
4.850	91.200
4.860	90.700
4.870	90.900
4.880	90.800
4.890	90.700
4.900	90.600
4.910	90.500
4.920	90.500
4.930	90.500
4.940	90.200
4.950	90.200
4.960	90.000
4.970	90.200
4.980	89.900
4.990	89.800
5.000	89.700
5.010	89.400
5.020	89.300
5.030	89.200
5.040	89.000
5.050	88.800
5.060	88.500
5.070	88.300
5.080	88.300
5.090	88.300
5.100	88.300
5.110	88.200
5.120	88.400
5.130	88.300
5.140	88.100
5.150	88.200
5.160	88.300
5.170	87.900
5.180	87.800
5.190	87.700
5.200	87.400
5.210	87.400
5.220	87.500
5.230	87.000
5.240	87.000
5.250	86.800
5.260	87.000
5.270	86.900
5.280	87.000
5.290	86.900
5.300	86.900
5.310	87.200
5.320	86.900
5.330	86.700
5.340	86.600
5.350	86.500
5.360	86.400
5.370	86.300
5.380	86.200
5.390	85.900
5.400	85.600
5.410	85.800
5.420	85.700
5.430	85.600
5.440	85.600
5.450	85.500
5.460	85.500
5.470	85.400
5.480	85.100
5.490	85.100
5.500	85.100
5.510	85.000
5.520	85.000
5.530	84.700
5.540	84.600
5.550	84.400
5.560	84.300
5.570	84.100
5.580	84.000
5.590	83.800
5.600	83.600
5.610	83.400
5.620	83.300
5.630	83.300
5.640	83.200
5.650	83.200
5.660	83.200
5.670	83.200
5.680	83.200
5.690	83.000
5.700	83.000
5.710	83.200
5.720	82.900
5.730	82.800
5.740	82.700
5.750	82.500
5.760	82.300
5.770	82.200
5.780	82.000
5.790	82.100
5.800	81.800
5.810	81.700
5.820	81.800
5.830	81.800
5.840	81.800
5.850	81.800
5.860	81.600
5.870	81.900
5.880	81.800
5.890	81.500
5.900	81.400
5.910	81.300
5.920	81.300
5.930	81.200
5.940	80.900
5.950	80.800
5.960	80.700
5.970	80.700
5.980	80.500
5.990	80.500
6.000	80.400
6.010	80.300
6.020	80.300
6.030	80.300
6.040	79.900
6.050	80.300
6.060	79.800
6.070	79.800
6.080	79.900
6.090	79.700
6.100	79.700
6.110	79.400
6.120	79.300
6.130	79.100
6.140	79.000
6.150	78.900
6.160	78.800
6.170	78.600
6.180	78.500
6.190	78.200
6.200	78.000
6.210	78.000
6.220	78.000
6.230	77.900
6.240	77.900
6.250	77.800
6.260	77.900
6.270	77.800
6.280	77.700
6.290	77.700
6.300	77.900
6.310	77.600
6.320	77.400
6.330	77.200
6.340	77.000
6.350	77.000
6.360	77.100
6.370	76.800
6.380	76.700
6.390	76.700
6.400	76.500
6.410	76.300
6.420	76.400
6.430	76.400
6.440	76.400
6.450	76.400
6.460	76.300
6.470	76.500
6.480	76.400
6.490	76.200
6.500	76.000
6.510	76.000
6.520	75.900
6.530	75.600
6.540	75.600
6.550	75.700
6.560	75.400
6.570	75.300
6.580	75.200
6.590	75.200
6.600	75.100
6.610	74.900
6.620	74.900
6.630	74.800
6.640	74.800
6.650	74.800
6.660	74.600
6.670	74.500
6.680	74.400
6.690	74.300
6.700	74.400
6.710	74.300
6.720	74.000
6.730	74.100
6.740	73.800
6.750	73.700
6.760	73.600
6.770	73.400
6.780	73.300
6.790	73.200
6.800	72.900
6.810	73.100
6.820	72.700
6.830	72.500
6.840	72.400
6.850	72.500
6.860	72.500
6.870	72.400
6.880	72.300
6.890	72.300
6.900	72.400
6.910	72.200
6.920	72.100
6.930	72.200
6.940	72.300
6.950	71.900
6.960	71.900
6.970	71.500
6.980	71.400
6.990	71.600
7.000	71.300
7.010	71.100
7.020	71.100
7.030	71.100
7.040	70.900
7.050	70.800
7.060	70.700
7.070	70.800
7.080	70.700
7.090	70.700
7.100	70.700
7.110	70.700
7.120	70.700
7.130	70.600
7.140	70.500
7.150	70.400
7.160	70.300
7.170	70.200
7.180	70.200
7.190	69.900
7.200	69.800
7.210	69.700
7.220	69.600
7.230	69.500
7.240	69.500
7.250	69.400
7.260	69.400
7.270	69.200
7.280	69.200
7.290	69.100
7.300	69.100
7.310	69.000
7.320	69.000
7.330	68.900
7.340	68.300
7.350	69.000
7.360	68.600
7.370	68.500
7.380	68.500
7.390	68.400
7.400	68.200
7.410	68.200
7.420	67.900
7.430	67.800
7.440	67.700
7.450	67.500
7.460	67.400
7.470	67.300
7.480	67.300
7.490	67.200
7.500	66.900
7.510	66.800
7.520	66.600
7.530	66.500
7.540	66.800
7.550	66.500
7.560	66.500
7.570	66.500
7.580	66.300
7.590	66.500
7.600	66.400
7.610	66.200
7.620	66.300
7.630	66.300
7.640	66.100
7.650	66.000
7.660	65.800
7.670	65.600
7.680	65.600
7.690	65.500
7.700	65.300
7.710	65.300
7.720	65.200
7.730	65.200
7.740	65.100
7.750	64.900
7.760	64.700
7.770	64.800
7.780	64.700
7.790	64.800
7.800	64.800
7.810	64.700
7.820	64.600
7.830	64.700
7.840	64.600
7.850	64.500
7.860	64.400
7.870	64.300
7.880	64.200
7.890	63.900
7.900	63.900
7.910	63.800
7.920	63.800
7.930	63.700
7.940	63.500
7.950	63.400
7.960	63.400
7.970	63.300
7.980	63.300
7.990	63.200
8.000	63.000
8.010	63.000
8.020	62.900
8.030	62.900
8.040	62.800
8.050	62.700
8.060	62.700
8.070	62.600
8.080	62.400
8.090	62.400
8.100	62.400
8.110	62.300
8.120	62.200
8.130	62.100
8.140	62.000
8.150	61.800
8.160	61.700
8.170	61.500
8.180	61.400
8.190	61.400
8.200	61.200
8.210	61.200
8.220	61.100
8.230	61.000
8.240	60.900
8.250	60.700
8.260	60.500
8.270	60.400
8.280	60.400
8.290	60.400
8.300	60.300
8.310	60.200
8.320	60.200
8.330	60.100
8.340	60.100
8.350	60.100
8.360	59.900
8.370	59.900
8.380	59.800
8.390	60.000
8.400	59.700
8.410	59.600
8.420	59.400
8.430	59.200
8.440	59.200
8.450	59.300
8.460	59.000
8.470	58.900
8.480	58.900
8.490	58.800
8.500	58.700
8.510	58.700
8.520	58.500
8.530	58.400
8.540	58.300
8.550	58.300
8.560	58.300
8.570	58.300
8.580	58.200
8.590	58.200
8.600	58.200
8.610	58.100
8.620	58.100
8.630	58.000
8.640	57.900
8.650	57.800
8.660	57.700
8.670	57.500
8.680	57.500
8.690	57.300
8.700	57.300
8.710	57.100
8.720	57.000
8.730	57.000
8.740	56.800
8.750	56.700
8.760	56.800
8.770	56.600
8.780	56.600
8.790	56.500
8.800	56.400
8.810	56.300
8.820	56.200
8.830	56.200
8.840	56.100
8.850	56.100
8.860	56.000
8.870	56.000
8.880	55.900
8.890	55.800
8.900	55.700
8.910	55.600
8.920	55.600
8.930	55.600
8.940	55.400
8.950	55.100
8.960	55.100
8.970	55.300
8.980	54.900
8.990	54.900
9.000	54.800
9.010	54.600
9.020	54.500
9.030	54.400
9.040	54.400
9.050	54.200
9.060	54.200
9.070	54.100
9.080	54.000
9.090	53.800
9.100	53.700
9.110	53.600
9.120	53.500
9.130	53.400
9.140	53.400
9.150	53.300
9.160	53.300
9.170	53.200
9.180	53.200
9.190	53.000
9.200	53.000
9.210	53.000
9.220	52.900
9.230	52.800
9.240	52.800
9.250	52.700
9.260	52.800
9.270	52.600
9.280	52.400
9.290	52.300
9.300	52.200
9.310	52.100
9.320	52.000
9.330	51.900
9.340	51.800
9.350	51.800
9.360	51.700
9.370	51.700
9.380	51.600
9.390	51.500
9.400	51.400
9.410	51.300
9.420	51.100
9.430	51.200
9.440	51.200
9.450	51.100
9.460	51.100
9.470	51.000
9.480	51.000
9.490	50.900
9.500	50.800
9.510	50.800
9.520	50.700
9.530	50.700
9.540	50.600
9.550	50.400
9.560	50.300
9.570	50.200
9.580	50.100
9.590	50.000
9.600	50.000
9.610	49.800
9.620	49.700
9.630	49.600
9.640	49.500
9.650	49.500
9.660	49.500
9.670	49.400
9.680	49.300
9.690	49.200
9.700	49.100
9.710	49.100
9.720	49.000
9.730	48.900
9.740	48.900
9.750	48.600
9.760	48.700
9.770	48.800
9.780	48.600
9.790	48.500
9.800	48.400
9.810	48.400
9.820	48.300
9.830	48.200
9.840	48.100
9.850	48.100
9.860	48.000
9.870	47.900
9.880	47.900
9.890	47.800
9.900	47.700
9.910	47.600
9.920	47.500
9.930	47.400
9.940	47.300
9.950	47.100
9.960	47.000
9.970	47.000
9.980	46.800
9.990	46.800
10.000	46.700
10.010	46.600
10.020	46.400
10.030	46.500
10.040	46.500
10.050	46.300
10.060	46.200
10.070	46.000
10.080	45.900
10.090	45.800
10.100	45.700
10.110	45.700
10.120	45.700
10.130	45.500
10.140	45.400
10.150	45.400
10.160	45.400
10.170	45.300
10.180	45.200
10.190	45.100
10.200	45.100
10.210	45.000
10.220	44.900
10.230	44.800
10.240	44.800
10.250	44.700
10.260	44.700
10.270	44.700
10.280	44.500
10.290	44.300
10.300	44.300
10.310	44.100
10.320	44.000
10.330	43.900
10.340	43.900
10.350	43.800
10.360	43.700
10.370	43.700
10.380	43.600
10.390	43.600
10.400	43.500
10.410	43.500
10.420	43.300
10.430	43.300
10.440	43.100
10.450	43.000
10.460	43.000
10.470	43.000
10.480	42.900
10.490	42.900
10.500	42.800
10.510	42.700
10.520	42.700
10.530	42.600
10.540	42.500
10.550	42.500
10.560	42.400
10.570	42.300
10.580	42.300
10.590	42.200
10.600	42.100
10.610	42.000
10.620	42.000
10.630	41.800
10.640	41.700
10.650	41.600
10.660	41.500
10.670	41.400
10.680	41.300
10.690	41.200
10.700	41.100
10.710	41.000
10.720	41.000
10.730	41.000
10.740	40.900
10.750	40.900
10.760	40.700
10.770	40.700
10.780	40.600
10.790	40.600
10.800	40.500
10.810	40.400
10.820	40.300
10.830	40.300
10.840	40.200
10.850	40.100
10.860	40.100
10.870	39.900
10.880	39.900
10.890	39.900
10.900	39.800
10.910	39.700
10.920	39.600
10.930	39.500
10.940	39.500
10.950	39.300
10.960	39.300
10.970	39.200
10.980	39.200
10.990	39.100
11.000	39.000
11.010	38.900
11.020	38.900
11.030	38.800
11.040	38.700
11.050	38.600
11.060	38.500
11.070	38.400
11.080	38.300
11.090	38.300
11.100	38.200
11.110	38.100
11.120	37.900
11.130	37.900
11.140	37.800
11.150	37.700
11.160	37.700
11.170	37.600
11.180	37.500
11.190	37.400
11.200	37.300
11.210	37.200
11.220	37.200
11.230	37.100
11.240	37.000
11.250	36.800
11.260	36.700
11.270	36.600
11.280	36.600
11.290	36.500
11.300	36.500
11.310	36.400
11.320	36.300
11.330	36.200
11.340	36.200
11.350	36.100
11.360	36.000
11.370	35.900
11.380	35.800
11.390	35.800
11.400	35.700
11.410	35.700
11.420	35.600
11.430	35.500
11.440	35.400
11.450	35.300
11.460	35.300
11.470	35.100
11.480	35.100
11.490	35.000
11.500	35.000
11.510	35.000
11.520	34.900
11.530	34.700
11.540	34.600
11.550	34.500
11.560	34.400
11.570	34.300
11.580	34.200
11.590	34.200
11.600	34.100
11.610	34.100
11.620	34.000
11.630	33.900
11.640	33.900
11.650	33.800
11.660	33.800
11.670	33.700
11.680	33.600
11.690	33.500
11.700	33.500
11.710	33.400
11.720	33.200
11.730	33.200
11.740	33.100
11.750	33.100
11.760	33.000
11.770	33.000
11.780	32.900
11.790	32.900
11.800	32.800
11.810	32.700
11.820	32.600
11.830	32.500
11.840	32.500
11.850	32.400
11.860	32.300
11.870	32.200
11.880	32.200
11.890	32.100
11.900	32.000
11.910	31.900
11.920	31.900
11.930	31.800
11.940	31.700
11.950	31.600
11.960	31.500
11.970	31.500
11.980	31.300
11.990	31.100
12.000	31.100
12.010	31.100
12.020	31.000
12.030	30.800
12.040	30.800
12.050	30.700
12.060	30.600
12.070	30.500
12.080	30.500
12.090	30.400
12.100	30.300
12.110	30.300
12.120	30.200
12.130	30.100
12.140	30.000
12.150	29.900
12.160	29.900
12.170	29.800
12.180	29.700
12.190	29.700
12.200	29.600
12.210	29.500
12.220	29.400
12.230	29.400
12.240	29.300
12.250	29.200
12.260	29.100
12.270	29.100
12.280	29.000
12.290	29.000
12.300	28.900
12.310	28.800
12.320	28.800
12.330	28.700
12.340	28.600
12.350	28.500
12.360	28.500
12.370	28.400
12.380	28.300
12.390	28.200
12.400	28.100
12.410	28.000
12.420	27.900
12.430	27.800
12.440	27.800
12.450	27.700
12.460	27.600
12.470	27.500
12.480	27.500
12.490	27.400
12.500	27.300
12.510	27.200
12.520	27.100
12.530	27.100
12.540	27.000
12.550	26.900
12.560	26.800
12.570	26.700
12.580	26.700
12.590	26.600
12.600	26.500
12.610	26.400
12.620	26.400
12.630	26.300
12.640	26.200
12.650	26.100
12.660	26.000
12.670	26.000
12.680	26.000
12.690	25.900
12.700	25.800
12.710	25.700
12.720	25.600
12.730	25.600
12.740	25.500
12.750	25.400
12.760	25.300
12.770	25.300
12.780	25.200
12.790	25.100
12.800	25.000
12.810	24.900
12.820	24.800
12.830	24.800
12.840	24.600
12.850	24.500
12.860	24.500
12.870	24.400
12.880	24.400
12.890	24.300
12.900	24.200
12.910	24.100
12.920	24.100
12.930	24.000
12.940	23.900
12.950	23.800
12.960	23.700
12.970	23.600
12.980	23.500
12.990	23.500
13.000	23.400
13.010	23.400
13.020	23.300
13.030	23.200
13.040	23.100
13.050	23.000
13.060	23.000
13.070	22.900
13.080	22.800
13.090	22.700
13.100	22.700
13.110	22.600
13.120	22.500
13.130	22.400
13.140	22.300
13.150	22.300
13.160	22.200
13.170	22.100
13.180	22.000
13.190	21.900
13.200	21.800
13.210	21.800
13.220	21.700
13.230	21.700
13.240	21.600
13.250	21.600
13.260	21.500
13.270	21.400
13.280	21.300
13.290	21.300
13.300	21.100
13.310	21.000
13.320	21.000
13.330	20.900
13.340	20.800
13.350	20.800
13.360	20.700
13.370	20.600
13.380	20.500
13.390	20.500
13.400	20.400
13.410	20.400
13.420	20.300
13.430	20.300
13.440	20.200
13.450	20.100
13.460	20.000
13.470	19.900
13.480	19.900
13.490	19.800
13.500	19.800
13.510	19.700
13.520	19.600
13.530	19.600
13.540	19.500
13.550	19.400
13.560	19.300
13.570	19.300
13.580	19.200
13.590	19.100
13.600	19.000
13.610	18.900
13.620	18.900
13.630	18.800
13.640	18.800
13.650	18.700
13.660	18.700
13.670	18.600
13.680	18.500
13.690	18.500
13.700	18.400
13.710	18.300
13.720	18.200
13.730	18.200
13.740	18.100
13.750	18.000
13.760	17.900
13.770	17.800
13.780	17.700
13.790	17.600
13.800	17.600
13.810	17.500
13.820	17.400
13.830	17.300
13.840	17.300
13.850	17.200
13.860	17.100
13.870	17.100
13.880	17.000
13.890	16.900
13.900	16.800
13.910	16.700
13.920	16.600
13.930	16.500
13.940	16.400
13.950	16.400
13.960	16.300
13.970	16.200
13.980	16.200
13.990	16.100
14.000	16.000
14.010	15.900
14.020	15.800
14.030	15.700
14.040	15.700
14.050	15.500
14.060	15.500
14.070	15.400
14.080	15.300
14.090	15.200
14.100	15.100
14.110	15.000
14.120	14.900
14.130	14.900
14.140	14.700
14.150	14.700
14.160	14.600
14.170	14.600
14.180	14.500
14.190	14.500
14.200	14.400
14.210	14.300
14.220	14.200
14.230	14.100
14.240	14.000
14.250	13.900
14.260	13.900
14.270	13.800
14.280	13.800
14.290	13.700
14.300	13.600
14.310	13.500
14.320	13.400
14.330	13.400
14.340	13.300
14.350	13.200
14.360	13.200
14.370	13.100
14.380	13.000
14.390	13.000
14.400	12.900
14.410	12.800
14.420	12.800
14.430	12.700
14.440	12.600
14.450	12.600
14.460	12.500
14.470	12.500
14.480	12.400
14.490	12.300
14.500	12.300
14.510	12.200
14.520	12.100
14.530	12.000
14.540	12.000
14.550	11.900
14.560	11.900
14.570	11.800
14.580	11.700
14.590	11.600
14.600	11.600
14.610	11.500
14.620	11.400
14.630	11.300
14.640	11.300
14.650	11.200
14.660	11.100
14.670	11.100
14.680	11.000
14.690	11.000
14.700	10.800
14.710	10.800
14.720	10.700
14.730	10.600
14.740	10.600
14.750	10.500
14.760	10.400
14.770	10.300
14.780	10.300
14.790	10.200
14.800	10.100
14.810	10.100
14.820	10.000
14.830	9.900
14.840	9.900
14.850	9.800
14.860	9.700
14.870	9.600
14.880	9.500
14.890	9.500
14.900	9.400
14.910	9.300
14.920	9.200
14.930	9.100
14.940	9.000
14.950	8.900
14.960	8.900
14.970	8.900
14.980	8.800
14.990	8.700
15.000	8.600
15.010	8.500
15.020	8.400
15.030	8.400
15.040	8.300
15.050	8.200
15.060	8.100
15.070	8.000
15.080	8.000
15.090	7.900
15.100	7.800
15.110	7.700
15.120	7.600
15.130	7.600
15.140	7.500
15.150	7.400
15.160	7.300
15.170	7.300
15.180	7.100
15.190	7.000
15.200	7.000
15.210	6.900
15.220	6.800
15.230	6.800
15.240	6.700
15.250	6.600
15.260	6.600
15.270	6.400
15.280	6.300
15.290	6.300
15.300	6.200
15.310	6.200
15.320	6.100
15.330	5.900
15.340	5.900
15.350	5.800
15.360	5.800
15.370	5.700
15.380	5.700
15.390	5.500
15.400	5.500
15.410	5.400
15.420	5.400
15.430	5.200
15.440	5.200
15.450	5.100
15.460	5.100
15.470	4.900
15.480	4.900
15.490	4.800
15.500	4.800
15.510	4.600
15.520	4.600
15.530	4.600
15.540	4.500
15.550	4.500
15.560	4.300
15.570	4.300
15.580	4.300
15.590	4.100
15.600	4.100
15.610	4.100
15.620	3.900
15.630	3.900
15.640	3.700
15.650	3.700
15.660	3.700
15.670	3.700
15.680	3.500
15.690	3.500
15.700	3.500
15.710	3.300
15.720	3.300
15.730	3.300
15.740	3.300
15.750	3.100
15.760	3.100
15.770	3.100
15.780	3.100
15.790	2.800
15.800	2.800
15.810	2.800
15.820	2.800
15.830	2.800
15.840	2.500
15.850	2.500
15.860	2.500
15.870	2.500
15.880	2.500
15.890	2.500
15.900	2.500
15.910	2.500
15.920	2.100
15.930	2.100
15.940	2.100
15.950	2.100
15.960	2.100
15.970	2.100
15.980	2.100
15.990	2.100
16.000	2.100
16.010	2.100
16.020	2.100
16.030	2.100
16.040	2.100
16.050	2.100
16.060	2.100
16.070	2.100
16.080	0.000
16.090	0.000
16.100	0.000
16.110	0.000
16.120	0.000
16.130	0.000
16.140	0.000
16.150	0.000
16.160	0.000
16.170	0.000
16.180	0.000
16.190	0.000
16.200	0.000
16.210	0.000
16.220	0.000
16.230	0.000
16.240	0.000
16.250	0.000
16.260	0.000
16.270	0.000
16.280	0.000
16.290	0.000
16.300	0.000
16.310	0.000
16.320	0.000
16.330	0.000
16.340	0.000
16.350	0.000
16.360	0.000
16.370	0.000
16.380	0.000
16.390	0.000
16.400	0.000
16.410	0.000
16.420	0.000
16.430	0.000
16.440	0.000
16.450	0.000
16.460	0.000
16.470	0.000
16.480	0.000
16.490	0.000
16.500	0.000
16.510	0.000
16.520	0.000
16.530	0.000
16.540	0.000
16.550	0.000
16.560	0.000
16.570	0.000
16.580	0.000
16.590	0.000
16.600	0.000
16.610	0.000
16.620	0.000
16.630	0.000
16.640	0.000
16.650	0.000
16.660	0.000
16.670	0.000
16.680	0.000
16.690	0.000
16.700	0.000
16.710	0.000
16.720	0.000
16.730	0.000
16.740	0.000
16.750	0.000
16.760	0.000
16.770	0.000
16.780	0.000
16.790	0.000
16.800	0.000
16.810	0.000
16.820	0.000
16.830	0.000
16.840	0.000
16.850	0.000
16.860	0.000
16.870	0.000
16.880	0.000
16.890	0.000
16.900	0.000
