%Time(s)	Speed(rpm)		
	%3/21/20175:28 PM
0.010	107.500
0.020	107.600
0.030	107.400
0.040	107.800
0.050	107.900
0.060	108.200
0.070	108.400
0.080	108.500
0.090	108.400
0.100	108.400
0.110	108.500
0.120	108.000
0.130	108.100
0.140	108.000
0.150	108.200
0.160	108.300
0.170	108.200
0.180	108.200
0.190	108.300
0.200	108.400
0.210	108.300
0.220	108.300
0.230	108.600
0.240	108.600
0.250	108.300
0.260	108.200
0.270	108.100
0.280	108.200
0.290	108.000
0.300	107.900
0.310	108.100
0.320	107.600
0.330	107.900
0.340	107.700
0.350	107.800
0.360	106.900
0.370	108.200
0.380	107.600
0.390	107.700
0.400	108.200
0.410	108.100
0.420	108.100
0.430	108.000
0.440	108.000
0.450	108.000
0.460	107.800
0.470	108.000
0.480	108.100
0.490	108.500
0.500	108.300
0.510	108.200
0.520	108.400
0.530	108.300
0.540	108.100
0.550	108.000
0.560	108.000
0.570	108.000
0.580	108.100
0.590	108.100
0.600	108.200
0.610	108.500
0.620	108.400
0.630	108.500
0.640	108.500
0.650	108.500
0.660	108.800
0.670	108.300
0.680	108.200
0.690	108.000
0.700	108.000
0.710	108.000
0.720	107.800
0.730	107.800
0.740	107.300
0.750	107.400
0.760	107.500
0.770	107.500
0.780	107.400
0.790	107.500
0.800	107.500
0.810	107.400
0.820	107.900
0.830	107.700
0.840	107.400
0.850	107.700
0.860	107.600
0.870	107.500
0.880	107.300
0.890	107.500
0.900	107.600
0.910	108.000
0.920	108.200
0.930	108.100
0.940	108.600
0.950	108.400
0.960	108.300
0.970	108.200
0.980	108.200
0.990	108.100
1.000	108.400
1.010	108.500
1.020	108.700
1.030	108.800
1.040	108.900
1.050	108.700
1.060	109.000
1.070	108.900
1.080	109.000
1.090	109.400
1.100	109.100
1.110	108.800
1.120	108.700
1.130	108.800
1.140	108.600
1.150	108.700
1.160	108.400
1.170	108.200
1.180	108.100
1.190	108.200
1.200	108.300
1.210	108.100
1.220	108.200
1.230	108.000
1.240	108.000
1.250	108.400
1.260	108.200
1.270	107.600
1.280	107.700
1.290	107.700
1.300	107.800
1.310	107.900
1.320	107.600
1.330	108.200
1.340	108.200
1.350	108.200
1.360	108.300
1.370	108.600
1.380	108.500
1.390	108.200
1.400	108.000
1.410	108.000
1.420	107.800
1.430	108.000
1.440	107.500
1.450	108.000
1.460	107.900
1.470	107.900
1.480	108.000
1.490	108.300
1.500	108.000
1.510	108.000
1.520	108.200
1.530	108.200
1.540	107.800
1.550	107.500
1.560	107.600
1.570	107.500
1.580	107.500
1.590	107.300
1.600	107.200
1.610	106.800
1.620	107.000
1.630	106.900
1.640	106.900
1.650	107.100
1.660	107.100
1.670	107.000
1.680	107.000
1.690	107.300
1.700	107.300
1.710	106.700
1.720	107.000
1.730	107.000
1.740	107.000
1.750	107.000
1.760	107.000
1.770	107.200
1.780	107.400
1.790	107.500
1.800	107.300
1.810	107.700
1.820	107.300
1.830	107.600
1.840	107.400
1.850	107.400
1.860	107.500
1.870	107.700
1.880	107.500
1.890	107.900
1.900	107.900
1.910	107.900
1.920	107.100
1.930	108.300
1.940	108.000
1.950	107.800
1.960	108.300
1.970	108.000
1.980	107.800
1.990	107.600
2.000	107.500
2.010	107.300
2.020	107.400
2.030	107.200
2.040	107.200
2.050	106.900
2.060	107.000
2.070	107.100
2.080	107.000
2.090	107.200
2.100	107.200
2.110	107.100
2.120	107.100
2.130	107.100
2.140	107.100
2.150	106.700
2.160	106.900
2.170	107.100
2.180	107.100
2.190	107.100
2.200	107.400
2.210	107.700
2.220	108.100
2.230	108.000
2.240	108.200
2.250	108.000
2.260	107.900
2.270	107.800
2.280	107.700
2.290	107.500
2.300	107.600
2.310	107.900
2.320	107.600
2.330	107.600
2.340	108.500
2.350	107.800
2.360	108.000
2.370	108.100
2.380	108.000
2.390	108.200
2.400	108.400
2.410	108.100
2.420	107.900
2.430	107.900
2.440	107.700
2.450	107.600
2.460	107.400
2.470	107.300
2.480	107.100
2.490	107.100
2.500	107.200
2.510	107.200
2.520	107.000
2.530	107.300
2.540	107.300
2.550	107.100
2.560	107.300
2.570	107.100
2.580	107.200
2.590	107.400
2.600	107.000
2.610	107.000
2.620	107.000
2.630	106.800
2.640	107.400
2.650	107.100
2.660	107.300
2.670	107.400
2.680	107.500
2.690	107.400
2.700	107.300
2.710	107.200
2.720	107.300
2.730	107.300
2.740	107.200
2.750	107.200
2.760	107.200
2.770	107.300
2.780	107.500
2.790	107.300
2.800	107.700
2.810	107.600
2.820	107.100
2.830	108.100
2.840	107.600
2.850	107.400
2.860	107.300
2.870	107.200
2.880	106.900
2.890	107.000
2.900	107.000
2.910	107.000
2.920	106.700
2.930	106.800
2.940	106.800
2.950	106.900
2.960	106.800
2.970	106.900
2.980	106.800
2.990	107.000
3.000	107.000
3.010	107.000
3.020	106.100
3.030	105.600
3.040	105.300
3.050	103.400
3.060	102.500
3.070	100.000
3.080	97.000
3.090	93.700
3.100	91.500
3.110	89.000
3.120	84.900
3.130	80.600
3.140	75.800
3.150	72.800
3.160	68.100
3.170	63.100
3.180	59.300
3.190	55.100
3.200	50.900
3.210	46.300
3.220	42.500
3.230	38.700
3.240	34.100
3.250	30.000
3.260	27.100
3.270	24.200
3.280	21.200
3.290	19.400
3.300	17.300
3.310	14.900
3.320	14.900
3.330	14.900
3.340	11.500
3.350	11.500
3.360	8.400
3.370	8.500
3.380	12.500
3.390	16.500
3.400	19.500
3.410	21.700
3.420	23.600
3.430	24.100
3.440	24.000
3.450	23.700
3.460	23.900
3.470	24.000
3.480	24.000
3.490	23.900
3.500	23.800
3.510	23.600
3.520	23.600
3.530	23.700
3.540	23.700
3.550	23.600
3.560	23.400
3.570	23.200
3.580	23.300
3.590	23.400
3.600	23.300
3.610	23.200
3.620	23.000
3.630	23.000
3.640	23.100
3.650	23.100
3.660	23.000
3.670	22.800
3.680	22.700
3.690	22.700
3.700	22.800
3.710	22.800
3.720	22.700
3.730	22.600
3.740	22.500
3.750	22.500
3.760	22.500
3.770	22.500
3.780	22.400
3.790	22.300
3.800	22.200
3.810	22.200
3.820	22.200
3.830	22.100
3.840	22.000
3.850	21.900
3.860	21.800
3.870	21.800
3.880	21.800
3.890	21.700
3.900	21.600
3.910	21.500
3.920	21.500
3.930	21.500
3.940	21.500
3.950	21.400
3.960	21.300
3.970	21.200
3.980	21.200
3.990	21.200
4.000	21.100
4.010	21.000
4.020	20.900
4.030	20.900
4.040	20.900
4.050	20.900
4.060	20.800
4.070	20.700
4.080	20.700
4.090	20.600
4.100	20.600
4.110	20.500
4.120	20.500
4.130	20.400
4.140	20.400
4.150	20.300
4.160	20.300
4.170	20.200
4.180	20.100
4.190	20.100
4.200	20.000
4.210	20.000
4.220	19.900
4.230	19.900
4.240	19.800
4.250	19.800
4.260	19.700
4.270	19.700
4.280	19.700
4.290	19.600
4.300	19.600
4.310	19.500
4.320	19.400
4.330	19.400
4.340	19.300
4.350	19.300
4.360	19.200
4.370	19.200
4.380	19.100
4.390	19.000
4.400	19.000
4.410	18.900
4.420	18.900
4.430	18.900
4.440	18.900
4.450	18.800
4.460	18.700
4.470	18.600
4.480	18.600
4.490	18.500
4.500	18.500
4.510	18.400
4.520	18.300
4.530	18.300
4.540	18.200
4.550	18.200
4.560	18.100
4.570	18.100
4.580	18.000
4.590	18.000
4.600	17.900
4.610	17.900
4.620	17.800
4.630	17.800
4.640	17.700
4.650	17.600
4.660	17.500
4.670	17.500
4.680	17.500
4.690	17.400
4.700	17.400
4.710	17.300
4.720	17.200
4.730	17.200
4.740	17.100
4.750	17.100
4.760	17.000
4.770	17.000
4.780	16.900
4.790	16.900
4.800	16.800
4.810	16.800
4.820	16.700
4.830	16.600
4.840	16.600
4.850	16.500
4.860	16.400
4.870	16.400
4.880	16.400
4.890	16.300
4.900	16.200
4.910	16.200
4.920	16.100
4.930	16.100
4.940	16.000
4.950	16.000
4.960	15.900
4.970	15.900
4.980	15.800
4.990	15.800
5.000	15.700
5.010	15.600
5.020	15.600
5.030	15.600
5.040	15.500
5.050	15.400
5.060	15.400
5.070	15.300
5.080	15.200
5.090	15.200
5.100	15.200
5.110	15.100
5.120	15.100
5.130	15.000
5.140	14.900
5.150	14.900
5.160	14.800
5.170	14.800
5.180	14.700
5.190	14.600
5.200	14.600
5.210	14.500
5.220	14.400
5.230	14.400
5.240	14.300
5.250	14.300
5.260	14.200
5.270	14.200
5.280	14.100
5.290	14.000
5.300	13.900
5.310	13.900
5.320	13.800
5.330	13.800
5.340	13.700
5.350	13.600
5.360	13.600
5.370	13.500
5.380	13.400
5.390	13.400
5.400	13.400
5.410	13.300
5.420	13.200
5.430	13.200
5.440	13.100
5.450	13.000
5.460	13.000
5.470	12.900
5.480	12.800
5.490	12.800
5.500	12.700
5.510	12.700
5.520	12.600
5.530	12.500
5.540	12.500
5.550	12.400
5.560	12.300
5.570	12.200
5.580	12.200
5.590	12.100
5.600	12.000
5.610	11.900
5.620	11.900
5.630	11.800
5.640	11.800
5.650	11.700
5.660	11.600
5.670	11.500
5.680	11.500
5.690	11.500
5.700	11.400
5.710	11.400
5.720	11.300
5.730	11.200
5.740	11.200
5.750	11.100
5.760	11.000
5.770	10.900
5.780	10.900
5.790	10.800
5.800	10.800
5.810	10.700
5.820	10.600
5.830	10.600
5.840	10.500
5.850	10.500
5.860	10.400
5.870	10.400
5.880	10.300
5.890	10.300
5.900	10.200
5.910	10.100
5.920	10.100
5.930	10.000
5.940	10.000
5.950	9.900
5.960	9.900
5.970	9.800
5.980	9.800
5.990	9.700
6.000	9.600
6.010	9.600
6.020	9.500
6.030	9.500
6.040	9.400
6.050	9.300
6.060	9.300
6.070	9.200
6.080	9.200
6.090	9.100
6.100	9.000
6.110	9.000
6.120	9.000
6.130	8.900
6.140	8.900
6.150	8.800
6.160	8.700
6.170	8.700
6.180	8.600
6.190	8.600
6.200	8.600
6.210	8.500
6.220	8.400
6.230	8.400
6.240	8.300
6.250	8.300
6.260	8.300
6.270	8.200
6.280	8.100
6.290	8.100
6.300	8.000
6.310	7.900
6.320	7.900
6.330	7.900
6.340	7.800
6.350	7.700
6.360	7.700
6.370	7.700
6.380	7.600
6.390	7.500
6.400	7.500
6.410	7.500
6.420	7.400
6.430	7.300
6.440	7.300
6.450	7.300
6.460	7.200
6.470	7.100
6.480	7.100
6.490	7.000
6.500	7.000
6.510	7.000
6.520	6.900
6.530	6.800
6.540	6.800
6.550	6.800
6.560	6.700
6.570	6.700
6.580	6.600
6.590	6.500
6.600	6.500
6.610	6.400
6.620	6.400
6.630	6.400
6.640	6.300
6.650	6.200
6.660	6.200
6.670	6.100
6.680	6.100
6.690	6.000
6.700	6.000
6.710	6.000
6.720	5.900
6.730	5.900
6.740	5.800
6.750	5.700
6.760	5.700
6.770	5.600
6.780	5.600
6.790	5.500
6.800	5.500
6.810	5.500
6.820	5.500
6.830	5.400
6.840	5.400
6.850	5.300
6.860	5.300
6.870	5.200
6.880	5.200
6.890	5.100
6.900	5.100
6.910	5.000
6.920	5.000
6.930	4.900
6.940	4.900
6.950	4.800
6.960	4.800
6.970	4.700
6.980	4.700
6.990	4.600
7.000	4.600
7.010	4.500
7.020	4.500
7.030	4.500
7.040	4.400
7.050	4.400
7.060	4.300
7.070	4.300
7.080	4.300
7.090	4.200
7.100	4.200
7.110	4.000
7.120	4.000
7.130	4.000
7.140	3.900
7.150	3.900
7.160	3.900
7.170	3.800
7.180	3.800
7.190	3.800
7.200	3.600
7.210	3.600
7.220	3.600
7.230	3.500
7.240	3.500
7.250	3.500
7.260	3.300
7.270	3.300
7.280	3.300
7.290	3.100
7.300	3.100
7.310	3.100
7.320	3.100
7.330	3.000
7.340	3.000
7.350	3.000
7.360	3.000
7.370	2.800
7.380	2.800
7.390	2.800
7.400	2.800
7.410	2.800
7.420	2.600
7.430	2.600
7.440	2.600
7.450	2.600
7.460	2.600
7.470	2.300
7.480	2.300
7.490	2.300
7.500	2.300
7.510	2.300
7.520	2.300
7.530	2.300
7.540	2.100
7.550	2.100
7.560	2.100
7.570	2.100
7.580	2.100
7.590	2.100
7.600	2.100
7.610	2.100
7.620	2.100
7.630	1.700
7.640	1.700
7.650	1.700
7.660	1.700
7.670	1.700
7.680	1.700
7.690	1.700
7.700	1.700
7.710	1.700
7.720	1.700
7.730	1.700
7.740	1.700
7.750	1.700
7.760	1.700
7.770	1.700
7.780	1.700
7.790	0.000
7.800	0.000
7.810	0.000
7.820	0.000
7.830	0.000
7.840	0.000
7.850	0.000
7.860	0.000
7.870	0.000
7.880	0.000
7.890	0.000
7.900	0.000
7.910	0.000
7.920	0.000
7.930	0.000
7.940	0.000
7.950	0.000
7.960	0.000
7.970	0.000
7.980	0.000
7.990	0.000
8.000	0.000
8.010	0.000
8.020	0.000
8.030	0.000
8.040	0.000
8.050	0.000
8.060	0.000
8.070	0.000
8.080	0.000
8.090	0.000
8.100	0.000
8.110	0.000
8.120	0.000
8.130	0.000
8.140	0.000
8.150	0.000
8.160	0.000
8.170	0.000
8.180	0.000
8.190	0.000
8.200	0.000
8.210	0.000
8.220	0.000
8.230	0.000
8.240	0.000
8.250	0.000
8.260	0.000
8.270	0.000
8.280	0.000
8.290	0.000
8.300	0.000
8.310	0.000
8.320	0.000
8.330	0.000
8.340	0.000
8.350	0.000
8.360	0.000
8.370	0.000
8.380	0.000
8.390	0.000
8.400	0.000
8.410	0.000
8.420	0.000
8.430	0.000
8.440	0.000
8.450	0.000
8.460	0.000
8.470	0.000
8.480	0.000
8.490	0.000
8.500	0.000
8.510	0.000
8.520	0.000
8.530	0.000
8.540	0.000
8.550	0.000
8.560	0.000
8.570	0.000
8.580	0.000
8.590	0.000
8.600	0.000
8.610	0.000
8.620	0.000
8.630	0.000
8.640	0.000
8.650	0.000
8.660	0.000
8.670	0.000
8.680	0.000
8.690	0.000
8.700	0.000
8.710	0.000
8.720	0.000
8.730	0.000
8.740	0.000
8.750	0.000
8.760	0.000
8.770	0.000
8.780	0.000
8.790	0.000
8.800	0.000
8.810	0.000
8.820	0.000
8.830	0.000
8.840	0.000
8.850	0.000
8.860	0.000
8.870	0.000
8.880	0.000
8.890	0.000
8.900	0.000
8.910	0.000
8.920	0.000
8.930	0.000
8.940	0.000
8.950	0.000
8.960	0.000
8.970	0.000
8.980	0.000
8.990	0.000
9.000	0.000
9.010	0.000
9.020	0.000
9.030	0.000
9.040	0.000
9.050	0.000
9.060	0.000
9.070	0.000
9.080	0.000
9.090	0.000
9.100	0.000
9.110	0.000
9.120	0.000
9.130	0.000
9.140	0.000
9.150	0.000
9.160	0.000
9.170	0.000
9.180	0.000
9.190	0.000
9.200	0.000
9.210	0.000
9.220	0.000
9.230	0.000
9.240	0.000
9.250	0.000
9.260	0.000
9.270	0.000
9.280	0.000
9.290	0.000
9.300	0.000
9.310	0.000
9.320	0.000
9.330	0.000
9.340	0.000
9.350	0.000
9.360	0.000
9.370	0.000
9.380	0.000
9.390	0.000
9.400	0.000
9.410	0.000
9.420	0.000
9.430	0.000
9.440	0.000
9.450	0.000
9.460	0.000
9.470	0.000
9.480	0.000
9.490	0.000
9.500	0.000
9.510	0.000
9.520	0.000
9.530	0.000
9.540	0.000
9.550	0.000
9.560	0.000
9.570	0.000
9.580	0.000
9.590	0.000
9.600	0.000
9.610	0.000
9.620	0.000
9.630	0.000
9.640	0.000
9.650	0.000
9.660	0.000
9.670	0.000
9.680	0.000
9.690	0.000
9.700	0.000
9.710	0.000
9.720	0.000
9.730	0.000
9.740	0.000
9.750	0.000
9.760	0.000
9.770	0.000
9.780	0.000
9.790	0.000
9.800	0.000
9.810	0.000
9.820	0.000
9.830	0.000
9.840	0.000
9.850	0.000
9.860	0.000
9.870	0.000
9.880	0.000
9.890	0.000
9.900	0.000
9.910	0.000
9.920	0.000
9.930	0.000
9.940	0.000
9.950	0.000
9.960	0.000
9.970	0.000
9.980	0.000
9.990	0.000
10.000	0.000
10.010	0.000
10.020	0.000
10.030	0.000
10.040	0.000
10.050	0.000
10.060	0.000
10.070	0.000
10.080	0.000
10.090	0.000
10.100	0.000
10.110	0.000
10.120	0.000
10.130	0.000
10.140	0.000
10.150	0.000
10.160	0.000
10.170	0.000
10.180	0.000
10.190	0.000
10.200	0.000
10.210	0.000
10.220	0.000
10.230	0.000
10.240	0.000
10.250	0.000
10.260	0.000
10.270	0.000
10.280	0.000
10.290	0.000
10.300	0.000
10.310	0.000
10.320	0.000
10.330	0.000
10.340	0.000
10.350	0.000
10.360	0.000
10.370	0.000
10.380	0.000
10.390	0.000
10.400	0.000
10.410	0.000
10.420	0.000
10.430	0.000
10.440	0.000
10.450	0.000
10.460	0.000
10.470	0.000
10.480	0.000
10.490	0.000
10.500	0.000
10.510	0.000
10.520	0.000
10.530	0.000
10.540	0.000
10.550	0.000
10.560	0.000
10.570	0.000
10.580	0.000
10.590	0.000
10.600	0.000
10.610	0.000
10.620	0.000
10.630	0.000
10.640	0.000
10.650	0.000
10.660	0.000
10.670	0.000
10.680	0.000
10.690	0.000
10.700	0.000
10.710	0.000
10.720	0.000
10.730	0.000
10.740	0.000
10.750	0.000
10.760	0.000
10.770	0.000
10.780	0.000
10.790	0.000
10.800	0.000
10.810	0.000
10.820	0.000
10.830	0.000
10.840	0.000
10.850	0.000
10.860	0.000
10.870	0.000
10.880	0.000
10.890	0.000
10.900	0.000
10.910	0.000
10.920	0.000
10.930	0.000
10.940	0.000
10.950	0.000
10.960	0.000
10.970	0.000
10.980	0.000
10.990	0.000
11.000	0.000
11.010	0.000
11.020	0.000
11.030	0.000
11.040	0.000
11.050	0.000
11.060	0.000
11.070	0.000
11.080	0.000
11.090	0.000
11.100	0.000
11.110	0.000
11.120	0.000
11.130	0.000
11.140	0.000
11.150	0.000
11.160	0.000
11.170	0.000
11.180	0.000
11.190	0.000
11.200	0.000
11.210	0.000
11.220	0.000
11.230	0.000
11.240	0.000
11.250	0.000
11.260	0.000
11.270	0.000
11.280	0.000
11.290	0.000
11.300	0.000
11.310	0.000
11.320	0.000
11.330	0.000
11.340	0.000
11.350	0.000
11.360	0.000
11.370	0.000
11.380	0.000
11.390	0.000
11.400	0.000
11.410	0.000
11.420	0.000
11.430	0.000
11.440	0.000
11.450	0.000
11.460	0.000
11.470	0.000
11.480	0.000
11.490	0.000
11.500	0.000
11.510	0.000
11.520	0.000
11.530	0.000
11.540	0.000
11.550	0.000
11.560	0.000
11.570	0.000
11.580	0.000
11.590	0.000
11.600	0.000
11.610	0.000
11.620	0.000
11.630	0.000
11.640	0.000
11.650	0.000
11.660	0.000
11.670	0.000
11.680	0.000
11.690	0.000
11.700	0.000
11.710	0.000
11.720	0.000
11.730	0.000
11.740	0.000
11.750	0.000
11.760	0.000
11.770	0.000
11.780	0.000
11.790	0.000
11.800	0.000
11.810	0.000
11.820	0.000
11.830	0.000
11.840	0.000
11.850	0.000
11.860	0.000
11.870	0.000
11.880	0.000
11.890	0.000
11.900	0.000
11.910	0.000
11.920	0.000
11.930	0.000
11.940	0.000
11.950	0.000
11.960	0.000
11.970	0.000
11.980	0.000
11.990	0.000
12.000	0.000
12.010	0.000
12.020	0.000
12.030	0.000
12.040	0.000
12.050	0.000
12.060	0.000
12.070	0.000
12.080	0.000
12.090	0.000
12.100	0.000
12.110	0.000
12.120	0.000
12.130	0.000
12.140	0.000
12.150	0.000
12.160	0.000
12.170	0.000
12.180	0.000
12.190	0.000
12.200	0.000
12.210	0.000
12.220	0.000
12.230	0.000
12.240	0.000
12.250	0.000
12.260	0.000
12.270	0.000
12.280	0.000
12.290	0.000
12.300	0.000
12.310	0.000
12.320	0.000
12.330	0.000
12.340	0.000
12.350	0.000
12.360	0.000
12.370	0.000
12.380	0.000
12.390	0.000
12.400	0.000
12.410	0.000
12.420	0.000
12.430	0.000
12.440	0.000
12.450	0.000
12.460	0.000
12.470	0.000
12.480	0.000
12.490	0.000
12.500	0.000
12.510	0.000
12.520	0.000
12.530	0.000
12.540	0.000
12.550	0.000
12.560	0.000
12.570	0.000
12.580	0.000
12.590	0.000
12.600	0.000
12.610	0.000
12.620	0.000
12.630	0.000
12.640	0.000
12.650	0.000
12.660	0.000
12.670	0.000
12.680	0.000
12.690	0.000
12.700	0.000
12.710	0.000
12.720	0.000
12.730	0.000
12.740	0.000
12.750	0.000
12.760	0.000
12.770	0.000
12.780	0.000
12.790	0.000
12.800	0.000
12.810	0.000
12.820	0.000
12.830	0.000
12.840	0.000
12.850	0.000
12.860	0.000
12.870	0.000
12.880	0.000
12.890	0.000
12.900	0.000
12.910	0.000
12.920	0.000
12.930	0.000
12.940	0.000
12.950	0.000
12.960	0.000
12.970	0.000
12.980	0.000
12.990	0.000
13.000	0.000
13.010	0.000
13.020	0.000
13.030	0.000
13.040	0.000
13.050	0.000
13.060	0.000
13.070	0.000
13.080	0.000
13.090	0.000
13.100	0.000
13.110	0.000
13.120	0.000
13.130	0.000
13.140	0.000
13.150	0.000
13.160	0.000
13.170	0.000
13.180	0.000
13.190	0.000
13.200	0.000
13.210	0.000
13.220	0.000
13.230	0.000
13.240	0.000
13.250	0.000
13.260	0.000
13.270	0.000
13.280	0.000
13.290	0.000
13.300	0.000
13.310	0.000
13.320	0.000
13.330	0.000
13.340	0.000
13.350	0.000
13.360	0.000
13.370	0.000
13.380	0.000
13.390	0.000
13.400	0.000
13.410	0.000
13.420	0.000
13.430	0.000
13.440	0.000
13.450	0.000
13.460	0.000
13.470	0.000
13.480	0.000
13.490	0.000
13.500	0.000
13.510	0.000
13.520	0.000
13.530	0.000
13.540	0.000
13.550	0.000
13.560	0.000
13.570	0.000
13.580	0.000
13.590	0.000
13.600	0.000
13.610	0.000
13.620	0.000
13.630	0.000
13.640	0.000
13.650	0.000
13.660	0.000
13.670	0.000
13.680	0.000
13.690	0.000
13.700	0.000
13.710	0.000
13.720	0.000
13.730	0.000
13.740	0.000
13.750	0.000
13.760	0.000
13.770	0.000
13.780	0.000
13.790	0.000
13.800	0.000
13.810	0.000
13.820	0.000
13.830	0.000
13.840	0.000
13.850	0.000
13.860	0.000
13.870	0.000
13.880	0.000
13.890	0.000
13.900	0.000
13.910	0.000
13.920	0.000
13.930	0.000
13.940	0.000
13.950	0.000
13.960	0.000
13.970	0.000
13.980	0.000
13.990	0.000
14.000	0.000
14.010	0.000
14.020	0.000
14.030	0.000
14.040	0.000
14.050	0.000
14.060	0.000
14.070	0.000
14.080	0.000
14.090	0.000
14.100	0.000
14.110	0.000
14.120	0.000
14.130	0.000
14.140	0.000
14.150	0.000
14.160	0.000
14.170	0.000
14.180	0.000
14.190	0.000
14.200	0.000
14.210	0.000
14.220	0.000
14.230	0.000
14.240	0.000
14.250	0.000
14.260	0.000
14.270	0.000
14.280	0.000
14.290	0.000
14.300	0.000
14.310	0.000
14.320	0.000
14.330	0.000
14.340	0.000
14.350	0.000
14.360	0.000
14.370	0.000
14.380	0.000
14.390	0.000
14.400	0.000
14.410	0.000
14.420	0.000
14.430	0.000
14.440	0.000
14.450	0.000
14.460	0.000
14.470	0.000
14.480	0.000
14.490	0.000
14.500	0.000
14.510	0.000
14.520	0.000
14.530	0.000
14.540	0.000
14.550	0.000
14.560	0.000
14.570	0.000
14.580	0.000
