%Time(s)	Speed(rpm)		
	%3/12/201512:04 PM
0.010	97.700
0.020	97.700
0.030	97.700
0.040	97.500
0.050	97.500
0.060	97.500
0.070	97.600
0.080	98.200
0.090	98.300
0.100	98.900
0.110	99.500
0.120	100.300
0.130	100.300
0.140	100.700
0.150	100.700
0.160	100.600
0.170	100.800
0.180	100.500
0.190	100.300
0.200	100.100
0.210	100.600
0.220	100.100
0.230	99.800
0.240	99.600
0.250	99.600
0.260	99.500
0.270	99.600
0.280	99.600
0.290	99.000
0.300	99.400
0.310	99.400
0.320	99.100
0.330	99.200
0.340	99.500
0.350	99.100
0.360	99.000
0.370	98.900
0.380	98.900
0.390	98.600
0.400	98.600
0.410	98.500
0.420	98.500
0.430	98.400
0.440	98.500
0.450	98.400
0.460	98.200
0.470	98.000
0.480	97.900
0.490	97.900
0.500	97.400
0.510	98.300
0.520	97.600
0.530	97.600
0.540	97.400
0.550	97.400
0.560	97.300
0.570	97.300
0.580	97.300
0.590	97.400
0.600	97.900
0.610	98.500
0.620	99.300
0.630	100.100
0.640	101.200
0.650	101.400
0.660	101.400
0.670	101.400
0.680	101.200
0.690	101.600
0.700	100.900
0.710	100.900
0.720	100.700
0.730	100.700
0.740	100.700
0.750	100.600
0.760	100.500
0.770	100.300
0.780	100.400
0.790	100.400
0.800	100.000
0.810	100.000
0.820	100.100
0.830	99.900
0.840	99.700
0.850	99.700
0.860	99.600
0.870	99.300
0.880	99.300
0.890	99.300
0.900	99.200
0.910	99.100
0.920	99.000
0.930	99.100
0.940	98.900
0.950	98.800
0.960	98.700
0.970	98.400
0.980	98.400
0.990	98.700
1.000	98.300
1.010	98.200
1.020	98.200
1.030	98.100
1.040	98.000
1.050	97.900
1.060	98.000
1.070	98.000
1.080	98.000
1.090	98.000
1.100	97.700
1.110	98.300
1.120	98.200
1.130	98.400
1.140	98.300
1.150	98.100
1.160	98.200
1.170	98.300
1.180	98.200
1.190	98.100
1.200	97.900
1.210	97.800
1.220	97.900
1.230	98.000
1.240	98.100
1.250	97.800
1.260	98.000
1.270	97.900
1.280	97.700
1.290	97.700
1.300	97.900
1.310	98.000
1.320	97.600
1.330	97.400
1.340	97.400
1.350	97.300
1.360	97.300
1.370	97.700
1.380	98.500
1.390	99.000
1.400	99.800
1.410	100.100
1.420	100.400
1.430	100.500
1.440	100.500
1.450	100.400
1.460	100.300
1.470	100.300
1.480	100.100
1.490	100.000
1.500	99.900
1.510	99.800
1.520	99.500
1.530	99.500
1.540	99.400
1.550	99.400
1.560	99.300
1.570	99.200
1.580	98.800
1.590	99.000
1.600	98.800
1.610	99.100
1.620	98.600
1.630	98.600
1.640	98.600
1.650	98.400
1.660	98.700
1.670	98.400
1.680	98.400
1.690	98.400
1.700	98.500
1.710	98.500
1.720	98.700
1.730	98.600
1.740	98.900
1.750	98.800
1.760	98.700
1.770	98.700
1.780	98.800
1.790	99.400
1.800	98.800
1.810	98.600
1.820	98.500
1.830	98.400
1.840	98.400
1.850	98.400
1.860	98.400
1.870	98.300
1.880	98.300
1.890	98.000
1.900	98.200
1.910	98.200
1.920	98.700
1.930	98.500
1.940	99.600
1.950	99.700
1.960	100.700
1.970	100.200
1.980	100.200
1.990	100.100
2.000	99.900
2.010	99.700
2.020	99.600
2.030	99.600
2.040	99.600
2.050	99.600
2.060	99.200
2.070	99.200
2.080	99.200
2.090	99.300
2.100	99.100
2.110	98.900
2.120	98.800
2.130	98.700
2.140	98.700
2.150	98.500
2.160	98.500
2.170	98.300
2.180	98.200
2.190	98.300
2.200	98.200
2.210	98.300
2.220	98.100
2.230	98.100
2.240	98.100
2.250	98.000
2.260	98.100
2.270	98.800
2.280	98.900
2.290	99.500
2.300	100.100
2.310	100.800
2.320	101.000
2.330	101.000
2.340	101.100
2.350	101.100
2.360	100.800
2.370	101.000
2.380	100.800
2.390	100.500
2.400	100.400
2.410	100.100
2.420	100.000
2.430	100.000
2.440	99.700
2.450	99.500
2.460	99.300
2.470	99.200
2.480	98.900
2.490	99.100
2.500	99.000
2.510	99.000
2.520	99.000
2.530	99.100
2.540	98.700
2.550	98.700
2.560	98.800
2.570	98.700
2.580	99.000
2.590	98.300
2.600	98.400
2.610	98.500
2.620	98.500
2.630	98.400
2.640	98.400
2.650	98.100
2.660	98.000
2.670	98.300
2.680	98.300
2.690	98.200
2.700	98.300
2.710	97.700
2.720	98.700
2.730	98.300
2.740	98.400
2.750	98.800
2.760	98.700
2.770	98.000
2.780	98.500
2.790	98.100
2.800	98.100
2.810	97.800
2.820	97.900
2.830	98.000
2.840	97.800
2.850	98.100
2.860	98.200
2.870	98.500
2.880	98.900
2.890	99.700
2.900	100.200
2.910	100.800
2.920	101.300
2.930	101.000
2.940	101.000
2.950	100.600
2.960	100.500
2.970	100.300
2.980	100.300
2.990	100.000
3.000	100.000
3.010	100.000
3.020	99.600
3.030	99.700
3.040	99.100
3.050	98.800
3.060	98.400
3.070	96.700
3.080	95.700
3.090	93.400
3.100	91.300
3.110	88.900
3.120	86.200
3.130	83.100
3.140	79.500
3.150	76.100
3.160	72.400
3.170	68.700
3.180	64.600
3.190	60.900
3.200	56.900
3.210	52.700
3.220	48.600
3.230	45.200
3.240	41.600
3.250	38.300
3.260	34.900
3.270	32.300
3.280	30.100
3.290	28.300
3.300	27.500
3.310	27.000
3.320	26.900
3.330	26.900
3.340	26.900
3.350	27.000
3.360	26.800
3.370	26.600
3.380	26.600
3.390	26.600
3.400	26.600
3.410	26.600
3.420	26.400
3.430	26.300
3.440	26.300
3.450	26.300
3.460	26.300
3.470	26.200
3.480	26.100
3.490	26.000
3.500	26.100
3.510	26.100
3.520	26.000
3.530	25.800
3.540	25.700
3.550	25.700
3.560	25.800
3.570	25.800
3.580	25.600
3.590	25.500
3.600	25.400
3.610	25.500
3.620	25.400
3.630	25.300
3.640	25.200
3.650	25.100
3.660	25.200
3.670	25.200
3.680	25.100
3.690	25.000
3.700	24.900
3.710	24.900
3.720	24.900
3.730	24.800
3.740	24.700
3.750	24.600
3.760	24.600
3.770	24.500
3.780	24.500
3.790	24.500
3.800	24.400
3.810	24.300
3.820	24.200
3.830	24.200
3.840	24.200
3.850	24.200
3.860	24.000
3.870	23.900
3.880	23.900
3.890	23.900
3.900	23.900
3.910	23.800
3.920	23.600
3.930	23.600
3.940	23.600
3.950	23.600
3.960	23.500
3.970	23.300
3.980	23.300
3.990	23.300
4.000	23.300
4.010	23.200
4.020	23.100
4.030	23.100
4.040	23.000
4.050	23.000
4.060	22.900
4.070	22.900
4.080	22.800
4.090	22.800
4.100	22.800
4.110	22.700
4.120	22.600
4.130	22.600
4.140	22.500
4.150	22.400
4.160	22.400
4.170	22.300
4.180	22.300
4.190	22.200
4.200	22.100
4.210	22.100
4.220	22.000
4.230	21.900
4.240	21.900
4.250	21.900
4.260	21.800
4.270	21.700
4.280	21.700
4.290	21.600
4.300	21.600
4.310	21.500
4.320	21.400
4.330	21.300
4.340	21.300
4.350	21.200
4.360	21.200
4.370	21.100
4.380	21.100
4.390	21.000
4.400	20.900
4.410	20.800
4.420	20.700
4.430	20.700
4.440	20.600
4.450	20.500
4.460	20.400
4.470	20.500
4.480	20.400
4.490	20.400
4.500	20.200
4.510	20.100
4.520	20.100
4.530	20.000
4.540	20.000
4.550	19.900
4.560	19.900
4.570	19.800
4.580	19.700
4.590	19.600
4.600	19.600
4.610	19.500
4.620	19.500
4.630	19.400
4.640	19.300
4.650	19.200
4.660	19.200
4.670	19.100
4.680	19.100
4.690	19.000
4.700	19.000
4.710	18.900
4.720	18.900
4.730	18.800
4.740	18.800
4.750	18.700
4.760	18.600
4.770	18.600
4.780	18.500
4.790	18.500
4.800	18.400
4.810	18.400
4.820	18.300
4.830	18.200
4.840	18.200
4.850	18.100
4.860	18.100
4.870	18.000
4.880	18.000
4.890	17.900
4.900	17.800
4.910	17.800
4.920	17.700
4.930	17.700
4.940	17.600
4.950	17.600
4.960	17.500
4.970	17.500
4.980	17.500
4.990	17.400
5.000	17.400
5.010	17.300
5.020	17.200
5.030	17.200
5.040	17.100
5.050	17.100
5.060	17.000
5.070	17.000
5.080	16.900
5.090	16.900
5.100	16.800
5.110	16.800
5.120	16.700
5.130	16.600
5.140	16.600
5.150	16.600
5.160	16.500
5.170	16.500
5.180	16.400
5.190	16.300
5.200	16.300
5.210	16.300
5.220	16.200
5.230	16.100
5.240	16.000
5.250	16.000
5.260	15.900
5.270	15.800
5.280	15.800
5.290	15.800
5.300	15.700
5.310	15.700
5.320	15.600
5.330	15.500
5.340	15.500
5.350	15.500
5.360	15.400
5.370	15.400
5.380	15.300
5.390	15.300
5.400	15.200
5.410	15.100
5.420	15.100
5.430	15.000
5.440	15.000
5.450	14.900
5.460	14.900
5.470	14.800
5.480	14.800
5.490	14.900
5.500	14.900
5.510	14.900
5.520	14.700
5.530	14.600
5.540	14.500
5.550	14.400
5.560	14.400
5.570	14.300
5.580	14.200
5.590	14.200
5.600	14.200
5.610	14.100
5.620	14.000
5.630	14.000
5.640	13.900
5.650	13.800
5.660	13.800
5.670	13.700
5.680	13.600
5.690	13.600
5.700	13.600
5.710	13.500
5.720	13.400
5.730	13.400
5.740	13.300
5.750	13.300
5.760	13.200
5.770	13.200
5.780	13.100
5.790	13.100
5.800	13.000
5.810	13.000
5.820	12.900
5.830	12.800
5.840	12.800
5.850	12.700
5.860	12.700
5.870	12.600
5.880	12.500
5.890	12.500
5.900	12.500
5.910	12.400
5.920	12.300
5.930	12.300
5.940	12.300
5.950	12.200
5.960	12.100
5.970	12.100
5.980	12.100
5.990	12.000
6.000	11.900
6.010	11.900
6.020	11.800
6.030	11.800
6.040	11.700
6.050	11.700
6.060	11.600
6.070	11.600
6.080	11.500
6.090	11.500
6.100	11.500
6.110	11.400
6.120	11.300
6.130	11.200
6.140	11.200
6.150	11.100
6.160	11.100
6.170	11.000
6.180	11.000
6.190	10.900
6.200	10.900
6.210	10.800
6.220	10.800
6.230	10.700
6.240	10.700
6.250	10.600
6.260	10.600
6.270	10.500
6.280	10.500
6.290	10.400
6.300	10.400
6.310	10.400
6.320	10.300
6.330	10.300
6.340	10.200
6.350	10.200
6.360	10.100
6.370	10.100
6.380	10.000
6.390	10.000
6.400	9.900
6.410	9.900
6.420	9.800
6.430	9.700
6.440	9.700
6.450	9.600
6.460	9.600
6.470	9.500
6.480	9.500
6.490	9.400
6.500	9.400
6.510	9.300
6.520	9.300
6.530	9.200
6.540	9.200
6.550	9.200
6.560	9.100
6.570	9.100
6.580	9.000
6.590	8.900
6.600	8.900
6.610	8.800
6.620	8.800
6.630	8.700
6.640	8.700
6.650	8.700
6.660	8.600
6.670	8.600
6.680	8.500
6.690	8.400
6.700	8.400
6.710	8.400
6.720	8.300
6.730	8.300
6.740	8.200
6.750	8.100
6.760	8.100
6.770	8.100
6.780	8.000
6.790	8.000
6.800	7.900
6.810	7.900
6.820	7.800
6.830	7.800
6.840	7.700
6.850	7.700
6.860	7.700
6.870	7.600
6.880	7.500
6.890	7.500
6.900	7.500
6.910	7.400
6.920	7.300
6.930	7.300
6.940	7.300
6.950	7.200
6.960	7.200
6.970	7.100
6.980	7.000
6.990	7.000
7.000	7.000
7.010	6.900
7.020	6.800
7.030	6.800
7.040	6.700
7.050	6.700
7.060	6.600
7.070	6.500
7.080	6.500
7.090	6.400
7.100	6.300
7.110	6.300
7.120	6.300
7.130	6.300
7.140	6.200
7.150	6.100
7.160	6.100
7.170	6.000
7.180	6.000
7.190	5.900
7.200	5.800
7.210	5.800
7.220	5.700
7.230	5.700
7.240	5.600
7.250	5.600
7.260	5.600
7.270	5.600
7.280	5.500
7.290	5.500
7.300	5.400
7.310	5.400
7.320	5.200
7.330	5.200
7.340	5.100
7.350	5.100
7.360	5.000
7.370	5.000
7.380	4.900
7.390	4.900
7.400	4.800
7.410	4.800
7.420	4.700
7.430	4.700
7.440	4.600
7.450	4.600
7.460	4.600
7.470	4.500
7.480	4.500
7.490	4.300
7.500	4.300
7.510	4.300
7.520	4.200
7.530	4.200
7.540	4.100
7.550	4.100
7.560	4.100
7.570	3.900
7.580	3.900
7.590	3.900
7.600	3.800
7.610	3.800
7.620	3.800
7.630	3.600
7.640	3.600
7.650	3.600
7.660	3.400
7.670	3.400
7.680	3.400
7.690	3.300
7.700	3.300
7.710	3.300
7.720	3.300
7.730	3.100
7.740	3.100
7.750	3.100
7.760	3.100
7.770	2.900
7.780	2.900
7.790	2.900
7.800	2.900
7.810	2.700
7.820	2.700
7.830	2.700
7.840	2.700
7.850	2.700
7.860	2.500
7.870	2.500
7.880	2.500
7.890	2.500
7.900	2.300
7.910	2.300
7.920	2.300
7.930	2.300
7.940	2.300
7.950	2.300
7.960	2.300
7.970	2.300
7.980	2.000
7.990	2.000
8.000	2.000
8.010	2.000
8.020	2.000
8.030	2.000
8.040	2.000
8.050	2.000
8.060	2.000
8.070	2.000
8.080	2.000
8.090	2.000
8.100	1.600
8.110	1.600
8.120	1.600
8.130	1.600
8.140	1.600
8.150	1.600
8.160	1.600
8.170	1.600
8.180	1.600
8.190	1.600
8.200	1.600
8.210	1.600
8.220	1.600
8.230	1.600
8.240	1.600
8.250	1.600
8.260	1.600
8.270	1.600
8.280	1.600
8.290	1.600
8.300	1.600
8.310	1.600
8.320	1.600
8.330	1.600
8.340	1.600
8.350	1.600
8.360	1.600
8.370	1.600
8.380	1.600
8.390	1.600
8.400	1.600
8.410	1.600
8.420	1.600
8.430	1.600
8.440	1.600
8.450	1.600
8.460	1.600
8.470	1.600
8.480	1.600
8.490	1.600
8.500	1.600
8.510	1.600
8.520	1.600
8.530	1.600
8.540	1.600
8.550	1.600
8.560	1.600
8.570	1.600
8.580	1.600
8.590	1.600
8.600	1.600
8.610	1.600
8.620	1.600
8.630	1.600
8.640	1.600
8.650	1.600
8.660	1.600
8.670	1.600
8.680	1.600
8.690	1.600
8.700	1.600
8.710	1.600
8.720	1.600
8.730	1.600
8.740	1.600
8.750	1.600
8.760	1.600
8.770	1.600
8.780	1.600
8.790	1.600
8.800	1.600
8.810	1.600
8.820	1.600
8.830	1.600
8.840	1.600
8.850	1.600
8.860	1.600
8.870	1.600
8.880	1.600
8.890	1.600
8.900	1.600
8.910	1.600
8.920	1.600
8.930	1.600
8.940	1.600
8.950	1.600
8.960	1.600
8.970	1.600
8.980	1.600
8.990	1.600
9.000	1.600
9.010	1.600
9.020	1.600
9.030	1.600
9.040	1.600
9.050	1.600
9.060	1.600
9.070	1.600
9.080	1.600
9.090	1.600
9.100	1.600
9.110	1.600
9.120	1.600
9.130	1.600
9.140	1.600
9.150	1.600
9.160	1.600
9.170	1.600
9.180	1.600
9.190	1.600
9.200	1.600
9.210	1.600
9.220	1.600
9.230	1.600
9.240	1.600
9.250	1.600
9.260	1.600
9.270	1.600
9.280	1.600
9.290	1.600
9.300	1.600
9.310	1.600
9.320	1.600
9.330	1.600
9.340	1.600
9.350	1.600
9.360	1.600
9.370	1.600
9.380	1.600
9.390	1.600
9.400	1.600
9.410	1.600
9.420	1.600
9.430	1.600
9.440	1.600
9.450	1.600
9.460	1.600
9.470	1.600
9.480	1.600
9.490	1.600
9.500	1.600
9.510	1.600
9.520	1.600
9.530	1.600
9.540	1.600
9.550	1.600
9.560	1.600
9.570	1.600
9.580	1.600
9.590	1.600
9.600	1.600
9.610	1.600
9.620	1.600
9.630	1.600
9.640	1.600
9.650	1.600
9.660	1.600
9.670	1.600
9.680	1.600
9.690	1.600
9.700	1.600
9.710	1.600
9.720	1.600
9.730	1.600
9.740	1.600
9.750	1.600
9.760	1.600
9.770	1.600
