%Time(s)	Speed(rpm)		
	%3/13/201511:37 AM
0.010	101.300
0.020	101.100
0.030	101.000
0.040	100.900
0.050	100.900
0.060	101.600
0.070	101.200
0.080	101.200
0.090	101.300
0.100	101.200
0.110	101.100
0.120	100.900
0.130	100.800
0.140	100.800
0.150	100.800
0.160	100.500
0.170	100.300
0.180	100.200
0.190	100.500
0.200	100.200
0.210	100.500
0.220	100.400
0.230	100.500
0.240	100.300
0.250	100.300
0.260	100.700
0.270	100.700
0.280	100.500
0.290	100.300
0.300	100.600
0.310	100.200
0.320	100.100
0.330	100.200
0.340	100.000
0.350	99.700
0.360	99.600
0.370	99.900
0.380	99.900
0.390	99.900
0.400	99.900
0.410	99.900
0.420	99.900
0.430	100.000
0.440	99.900
0.450	99.300
0.460	99.200
0.470	98.900
0.480	98.700
0.490	98.500
0.500	98.400
0.510	98.300
0.520	97.700
0.530	98.200
0.540	98.100
0.550	98.100
0.560	98.100
0.570	98.000
0.580	98.100
0.590	97.800
0.600	97.900
0.610	98.000
0.620	98.000
0.630	98.300
0.640	97.800
0.650	98.600
0.660	98.600
0.670	98.700
0.680	98.600
0.690	99.000
0.700	98.900
0.710	99.000
0.720	98.800
0.730	98.800
0.740	98.900
0.750	99.000
0.760	98.800
0.770	98.600
0.780	99.000
0.790	99.300
0.800	99.500
0.810	99.900
0.820	99.600
0.830	99.900
0.840	99.900
0.850	100.000
0.860	100.000
0.870	100.200
0.880	100.100
0.890	100.300
0.900	100.400
0.910	100.700
0.920	100.600
0.930	100.300
0.940	100.200
0.950	100.100
0.960	100.000
0.970	100.000
0.980	99.900
0.990	99.900
1.000	99.800
1.010	100.100
1.020	100.500
1.030	100.600
1.040	100.600
1.050	101.000
1.060	100.500
1.070	100.500
1.080	100.200
1.090	100.300
1.100	100.200
1.110	99.900
1.120	100.000
1.130	99.800
1.140	99.500
1.150	99.600
1.160	99.500
1.170	99.700
1.180	99.800
1.190	99.700
1.200	99.500
1.210	99.800
1.220	100.000
1.230	99.900
1.240	99.700
1.250	99.800
1.260	99.900
1.270	100.100
1.280	100.300
1.290	100.300
1.300	100.100
1.310	100.000
1.320	100.200
1.330	100.500
1.340	100.400
1.350	100.600
1.360	100.500
1.370	100.900
1.380	100.900
1.390	100.700
1.400	100.700
1.410	100.400
1.420	100.200
1.430	100.200
1.440	100.300
1.450	100.100
1.460	100.100
1.470	99.600
1.480	100.200
1.490	100.100
1.500	100.600
1.510	100.400
1.520	100.400
1.530	100.600
1.540	100.500
1.550	100.200
1.560	100.100
1.570	100.100
1.580	100.000
1.590	99.700
1.600	99.900
1.610	99.700
1.620	99.800
1.630	99.600
1.640	99.800
1.650	99.900
1.660	100.100
1.670	100.100
1.680	100.300
1.690	100.500
1.700	100.400
1.710	100.400
1.720	100.500
1.730	100.500
1.740	100.500
1.750	100.500
1.760	100.800
1.770	100.500
1.780	100.400
1.790	100.400
1.800	100.500
1.810	100.600
1.820	100.700
1.830	100.800
1.840	100.800
1.850	100.900
1.860	101.100
1.870	100.900
1.880	100.400
1.890	100.000
1.900	100.400
1.910	100.100
1.920	100.000
1.930	99.600
1.940	99.500
1.950	99.200
1.960	99.400
1.970	99.300
1.980	99.300
1.990	98.900
2.000	99.000
2.010	99.300
2.020	98.500
2.030	98.600
2.040	98.200
2.050	97.800
2.060	97.600
2.070	97.500
2.080	97.400
2.090	97.200
2.100	97.100
2.110	97.100
2.120	97.100
2.130	97.100
2.140	97.000
2.150	97.300
2.160	97.300
2.170	97.600
2.180	98.200
2.190	98.300
2.200	98.400
2.210	99.000
2.220	99.200
2.230	99.100
2.240	99.300
2.250	99.100
2.260	99.100
2.270	99.000
2.280	99.200
2.290	99.200
2.300	99.200
2.310	99.300
2.320	99.500
2.330	99.500
2.340	99.800
2.350	99.600
2.360	99.400
2.370	99.300
2.380	99.300
2.390	99.400
2.400	99.500
2.410	99.500
2.420	99.600
2.430	99.400
2.440	99.700
2.450	99.500
2.460	100.300
2.470	99.900
2.480	99.700
2.490	99.800
2.500	99.500
2.510	99.400
2.520	99.400
2.530	99.200
2.540	99.000
2.550	99.100
2.560	98.900
2.570	98.800
2.580	98.600
2.590	99.100
2.600	98.900
2.610	99.300
2.620	99.400
2.630	99.600
2.640	99.700
2.650	100.200
2.660	100.100
2.670	99.700
2.680	100.100
2.690	99.800
2.700	99.800
2.710	99.800
2.720	99.800
2.730	99.700
2.740	99.600
2.750	99.600
2.760	99.700
2.770	100.000
2.780	100.100
2.790	100.100
2.800	100.400
2.810	100.400
2.820	100.800
2.830	100.700
2.840	100.500
2.850	100.400
2.860	100.200
2.870	100.400
2.880	100.200
2.890	100.100
2.900	100.000
2.910	99.800
2.920	99.800
2.930	99.900
2.940	99.700
2.950	99.800
2.960	99.900
2.970	100.000
2.980	99.800
2.990	99.800
3.000	99.800
3.010	99.800
3.020	99.400
3.030	99.000
3.040	98.400
3.050	97.300
3.060	95.700
3.070	94.300
3.080	92.300
3.090	89.800
3.100	87.200
3.110	84.500
3.120	81.500
3.130	77.700
3.140	74.200
3.150	70.800
3.160	67.100
3.170	62.900
3.180	59.000
3.190	54.900
3.200	51.400
3.210	47.700
3.220	43.600
3.230	39.500
3.240	36.500
3.250	32.100
3.260	29.700
3.270	25.600
3.280	22.500
3.290	20.800
3.300	17.100
3.310	15.000
3.320	15.000
3.330	12.600
3.340	12.600
3.350	10.000
3.360	10.000
3.370	10.000
3.380	7.700
3.390	7.700
3.400	7.700
3.410	5.800
3.420	5.800
3.430	4.400
3.440	4.400
3.450	4.400
3.460	4.400
3.470	3.500
3.480	3.500
3.490	3.500
3.500	3.300
3.510	3.300
3.520	3.300
3.530	3.100
3.540	3.100
3.550	3.100
3.560	3.100
3.570	3.000
3.580	3.000
3.590	3.000
3.600	3.000
3.610	2.800
3.620	2.800
3.630	2.800
3.640	2.800
3.650	2.700
3.660	2.700
3.670	2.700
3.680	2.700
3.690	2.500
3.700	2.500
3.710	2.500
3.720	2.500
3.730	2.500
3.740	2.500
3.750	2.300
3.760	2.300
3.770	2.300
3.780	2.300
3.790	2.300
3.800	2.300
3.810	2.100
3.820	2.100
3.830	2.100
3.840	2.100
3.850	2.100
3.860	2.100
3.870	2.100
3.880	1.800
3.890	1.800
3.900	1.800
3.910	1.800
3.920	1.800
3.930	1.800
3.940	1.800
3.950	1.800
3.960	1.800
3.970	1.800
3.980	1.800
3.990	1.800
4.000	1.500
4.010	1.500
4.020	1.500
4.030	1.500
4.040	1.500
4.050	1.500
4.060	1.500
4.070	1.500
4.080	1.500
4.090	1.500
4.100	1.500
4.110	1.500
4.120	1.500
4.130	1.500
4.140	1.500
4.150	1.500
4.160	1.500
4.170	1.500
4.180	1.500
4.190	1.500
4.200	1.500
4.210	1.500
4.220	1.500
4.230	1.500
4.240	1.500
4.250	1.500
4.260	1.500
4.270	1.500
4.280	1.500
4.290	1.500
4.300	1.500
4.310	1.500
4.320	1.500
4.330	1.500
4.340	1.500
4.350	1.500
4.360	1.500
4.370	1.500
4.380	1.500
4.390	1.500
4.400	1.500
4.410	1.500
4.420	1.500
4.430	1.500
4.440	1.500
4.450	1.500
4.460	1.500
4.470	1.500
4.480	1.500
4.490	1.500
4.500	1.500
4.510	1.500
4.520	1.500
4.530	1.500
4.540	1.500
4.550	1.500
4.560	1.500
4.570	1.500
4.580	1.500
4.590	1.500
4.600	1.500
4.610	1.500
4.620	1.500
4.630	1.500
