%Time(s)	Speed(rpm)		
	%3/20/20173:20 PM
0.010	104.000
0.020	104.000
0.030	104.000
0.040	103.900
0.050	103.500
0.060	103.300
0.070	103.400
0.080	103.400
0.090	103.400
0.100	103.500
0.110	103.500
0.120	103.500
0.130	103.600
0.140	104.200
0.150	103.800
0.160	103.800
0.170	103.900
0.180	103.600
0.190	103.600
0.200	103.400
0.210	103.600
0.220	103.700
0.230	103.800
0.240	104.100
0.250	104.300
0.260	104.800
0.270	104.600
0.280	104.800
0.290	104.500
0.300	104.300
0.310	104.600
0.320	104.400
0.330	104.500
0.340	104.400
0.350	104.500
0.360	104.400
0.370	104.400
0.380	104.700
0.390	104.600
0.400	104.700
0.410	104.900
0.420	105.100
0.430	104.900
0.440	104.700
0.450	104.700
0.460	104.700
0.470	104.700
0.480	104.600
0.490	104.500
0.500	104.200
0.510	104.000
0.520	104.100
0.530	104.200
0.540	104.100
0.550	104.300
0.560	104.300
0.570	104.100
0.580	104.100
0.590	104.600
0.600	104.300
0.610	104.300
0.620	104.300
0.630	104.400
0.640	104.300
0.650	104.300
0.660	104.100
0.670	104.500
0.680	104.800
0.690	104.700
0.700	105.000
0.710	105.400
0.720	104.900
0.730	104.900
0.740	104.900
0.750	105.000
0.760	104.600
0.770	104.400
0.780	104.600
0.790	104.600
0.800	104.600
0.810	104.600
0.820	104.700
0.830	104.700
0.840	104.800
0.850	104.900
0.860	104.600
0.870	104.800
0.880	104.800
0.890	104.500
0.900	104.300
0.910	104.200
0.920	104.300
0.930	104.000
0.940	104.000
0.950	103.800
0.960	103.700
0.970	103.400
0.980	103.800
0.990	103.900
1.000	104.000
1.010	104.100
1.020	104.400
1.030	104.400
1.040	104.700
1.050	104.500
1.060	104.200
1.070	104.200
1.080	104.200
1.090	104.200
1.100	104.000
1.110	103.900
1.120	103.800
1.130	104.100
1.140	104.300
1.150	104.300
1.160	104.400
1.170	104.800
1.180	104.600
1.190	104.500
1.200	104.600
1.210	104.700
1.220	104.800
1.230	104.600
1.240	104.700
1.250	104.700
1.260	104.600
1.270	104.800
1.280	104.600
1.290	104.700
1.300	104.600
1.310	104.500
1.320	104.600
1.330	104.700
1.340	104.500
1.350	104.300
1.360	104.200
1.370	104.200
1.380	104.000
1.390	104.100
1.400	103.900
1.410	103.900
1.420	103.600
1.430	103.800
1.440	104.100
1.450	104.100
1.460	104.100
1.470	104.100
1.480	104.100
1.490	104.100
1.500	104.500
1.510	104.000
1.520	103.600
1.530	103.500
1.540	103.700
1.550	103.700
1.560	103.700
1.570	103.600
1.580	103.900
1.590	104.100
1.600	104.400
1.610	104.600
1.620	104.700
1.630	105.100
1.640	104.600
1.650	104.700
1.660	104.700
1.670	104.500
1.680	104.500
1.690	104.500
1.700	104.500
1.710	104.500
1.720	104.400
1.730	104.600
1.740	104.800
1.750	104.600
1.760	105.200
1.770	104.900
1.780	105.300
1.790	105.600
1.800	105.200
1.810	105.300
1.820	105.000
1.830	104.900
1.840	104.800
1.850	104.500
1.860	104.500
1.870	103.900
1.880	103.700
1.890	103.500
1.900	103.300
1.910	103.200
1.920	103.000
1.930	102.800
1.940	102.500
1.950	102.700
1.960	102.600
1.970	102.100
1.980	101.900
1.990	102.000
2.000	101.800
2.010	102.100
2.020	102.100
2.030	102.300
2.040	102.500
2.050	102.900
2.060	103.100
2.070	103.500
2.080	103.600
2.090	104.100
2.100	103.900
2.110	103.900
2.120	104.100
2.130	103.900
2.140	103.900
2.150	103.900
2.160	104.000
2.170	103.900
2.180	103.700
2.190	104.000
2.200	104.000
2.210	104.400
2.220	104.500
2.230	104.400
2.240	104.300
2.250	104.400
2.260	104.300
2.270	104.200
2.280	103.700
2.290	103.700
2.300	103.700
2.310	103.500
2.320	103.400
2.330	103.200
2.340	102.800
2.350	103.100
2.360	103.100
2.370	103.400
2.380	103.500
2.390	103.700
2.400	104.100
2.410	103.400
2.420	103.900
2.430	103.600
2.440	103.600
2.450	103.700
2.460	103.500
2.470	103.600
2.480	103.600
2.490	103.300
2.500	103.300
2.510	103.700
2.520	103.800
2.530	104.100
2.540	104.100
2.550	104.100
2.560	104.600
2.570	104.100
2.580	104.200
2.590	104.100
2.600	104.100
2.610	104.000
2.620	104.200
2.630	103.800
2.640	104.000
2.650	104.000
2.660	104.000
2.670	104.300
2.680	104.200
2.690	104.300
2.700	104.100
2.710	104.300
2.720	104.200
2.730	104.200
2.740	103.900
2.750	103.700
2.760	103.700
2.770	103.500
2.780	103.500
2.790	103.200
2.800	102.800
2.810	102.900
2.820	102.900
2.830	102.800
2.840	102.900
2.850	103.100
2.860	103.100
2.870	103.100
2.880	103.600
2.890	103.300
2.900	103.700
2.910	103.200
2.920	103.400
2.930	103.300
2.940	103.400
2.950	103.200
2.960	103.200
2.970	103.500
2.980	103.600
2.990	103.800
3.000	103.800
3.010	104.000
3.020	103.900
3.030	103.800
3.040	103.500
3.050	103.400
3.060	103.200
3.070	103.300
3.080	103.200
3.090	103.200
3.100	103.000
3.110	103.100
3.120	103.000
3.130	103.100
3.140	103.000
3.150	102.800
3.160	103.000
3.170	102.800
3.180	102.600
3.190	102.500
3.200	102.200
3.210	102.000
3.220	101.800
3.230	101.900
3.240	101.600
3.250	101.400
3.260	101.100
3.270	101.100
3.280	101.300
3.290	101.000
3.300	100.900
3.310	101.200
3.320	101.000
3.330	101.100
3.340	100.900
3.350	100.800
3.360	100.500
3.370	100.400
3.380	100.300
3.390	100.300
3.400	99.700
3.410	100.600
3.420	99.700
3.430	100.000
3.440	100.000
3.450	100.000
3.460	100.000
3.470	100.100
3.480	99.900
3.490	99.800
3.500	99.800
3.510	99.600
3.520	99.400
3.530	99.300
3.540	99.300
3.550	99.200
3.560	99.200
3.570	99.200
3.580	99.000
3.590	99.200
3.600	99.000
3.610	98.900
3.620	98.500
3.630	99.700
3.640	98.800
3.650	98.500
3.660	98.500
3.670	98.100
3.680	98.000
3.690	97.800
3.700	97.800
3.710	97.800
3.720	97.300
3.730	97.200
3.740	97.100
3.750	97.100
3.760	97.000
3.770	97.000
3.780	97.100
3.790	97.000
3.800	97.000
3.810	97.200
3.820	96.800
3.830	96.700
3.840	96.600
3.850	96.400
3.860	96.400
3.870	96.300
3.880	96.100
3.890	95.900
3.900	95.900
3.910	95.900
3.920	96.000
3.930	96.000
3.940	95.900
3.950	96.300
3.960	96.000
3.970	95.700
3.980	95.900
3.990	95.500
4.000	95.400
4.010	95.300
4.020	95.200
4.030	95.200
4.040	95.100
4.050	95.100
4.060	95.100
4.070	94.900
4.080	94.900
4.090	95.000
4.100	94.700
4.110	94.900
4.120	94.900
4.130	94.700
4.140	94.400
4.150	94.400
4.160	94.100
4.170	93.900
4.180	93.800
4.190	93.700
4.200	93.600
4.210	93.400
4.220	93.200
4.230	93.200
4.240	93.100
4.250	93.000
4.260	92.900
4.270	92.900
4.280	93.000
4.290	92.900
4.300	93.100
4.310	93.000
4.320	92.700
4.330	92.500
4.340	92.400
4.350	92.400
4.360	92.300
4.370	92.200
4.380	92.100
4.390	91.900
4.400	91.700
4.410	92.300
4.420	91.900
4.430	91.900
4.440	91.800
4.450	92.000
4.460	91.900
4.470	91.700
4.480	91.800
4.490	91.600
4.500	91.400
4.510	91.300
4.520	91.100
4.530	91.200
4.540	91.200
4.550	91.000
4.560	91.000
4.570	91.000
4.580	91.000
4.590	90.900
4.600	90.800
4.610	90.600
4.620	90.700
4.630	90.700
4.640	90.600
4.650	90.400
4.660	90.200
4.670	90.000
4.680	90.000
4.690	89.700
4.700	89.700
4.710	89.600
4.720	89.400
4.730	89.100
4.740	89.100
4.750	88.900
4.760	89.000
4.770	89.000
4.780	88.900
4.790	88.900
4.800	88.900
4.810	88.800
4.820	88.900
4.830	88.800
4.840	88.700
4.850	88.300
4.860	88.300
4.870	88.200
4.880	88.200
4.890	88.100
4.900	88.000
4.910	87.800
4.920	87.700
4.930	87.800
4.940	87.800
4.950	87.900
4.960	87.900
4.970	87.800
4.980	87.300
4.990	88.200
5.000	87.500
5.010	87.400
5.020	87.300
5.030	87.400
5.040	87.200
5.050	87.100
5.060	87.000
5.070	87.000
5.080	87.000
5.090	86.800
5.100	86.800
5.110	86.800
5.120	86.500
5.130	86.500
5.140	86.500
5.150	86.500
5.160	86.500
5.170	86.200
5.180	86.100
5.190	85.900
5.200	85.800
5.210	85.700
5.220	85.600
5.230	85.400
5.240	85.400
5.250	85.300
5.260	84.900
5.270	84.900
5.280	84.700
5.290	84.800
5.300	84.800
5.310	85.000
5.320	84.700
5.330	84.800
5.340	84.500
5.350	84.700
5.360	84.800
5.370	84.500
5.380	84.200
5.390	84.200
5.400	83.900
5.410	84.000
5.420	83.900
5.430	83.900
5.440	83.800
5.450	83.700
5.460	83.700
5.470	83.800
5.480	83.600
5.490	83.600
5.500	83.600
5.510	83.500
5.520	83.600
5.530	83.600
5.540	83.400
5.550	83.400
5.560	83.200
5.570	83.000
5.580	83.000
5.590	82.800
5.600	82.800
5.610	82.700
5.620	82.700
5.630	82.600
5.640	82.600
5.650	82.500
5.660	82.500
5.670	82.100
5.680	82.700
5.690	82.100
5.700	82.200
5.710	82.300
5.720	81.800
5.730	82.400
5.740	82.000
5.750	81.700
5.760	81.500
5.770	81.400
5.780	81.300
5.790	81.300
5.800	81.200
5.810	81.200
5.820	81.100
5.830	80.600
5.840	80.600
5.850	80.400
5.860	80.500
5.870	80.500
5.880	80.500
5.890	80.400
5.900	80.400
5.910	80.300
5.920	80.300
5.930	80.400
5.940	80.300
5.950	80.000
5.960	79.900
5.970	79.700
5.980	79.800
5.990	79.700
6.000	79.600
6.010	79.500
6.020	79.400
6.030	79.200
6.040	79.200
6.050	79.300
6.060	79.300
6.070	79.300
6.080	79.200
6.090	79.000
6.100	79.100
6.110	79.200
6.120	79.100
6.130	78.900
6.140	78.700
6.150	78.700
6.160	78.700
6.170	78.400
6.180	78.500
6.190	78.400
6.200	78.300
6.210	78.300
6.220	78.200
6.230	78.100
6.240	78.100
6.250	78.000
6.260	78.000
6.270	78.000
6.280	77.900
6.290	77.700
6.300	77.700
6.310	77.700
6.320	77.600
6.330	77.600
6.340	77.200
6.350	77.100
6.360	77.100
6.370	77.000
6.380	76.900
6.390	76.800
6.400	76.700
6.410	76.600
6.420	76.500
6.430	76.300
6.440	76.100
6.450	76.000
6.460	76.000
6.470	76.000
6.480	76.000
6.490	75.900
6.500	75.900
6.510	76.000
6.520	75.800
6.530	75.600
6.540	75.600
6.550	75.700
6.560	75.600
6.570	75.600
6.580	75.300
6.590	75.300
6.600	75.200
6.610	75.100
6.620	75.000
6.630	74.900
6.640	74.800
6.650	74.700
6.660	74.800
6.670	74.800
6.680	74.800
6.690	74.600
6.700	74.600
6.710	74.500
6.720	74.500
6.730	74.600
6.740	74.400
6.750	74.300
6.760	74.200
6.770	74.100
6.780	74.200
6.790	73.900
6.800	73.800
6.810	73.800
6.820	73.700
6.830	73.700
6.840	73.600
6.850	73.500
6.860	73.500
6.870	73.500
6.880	73.400
6.890	73.400
6.900	73.400
6.910	73.200
6.920	73.100
6.930	73.000
6.940	72.500
6.950	73.700
6.960	72.800
6.970	72.700
6.980	72.600
6.990	72.600
7.000	72.000
7.010	72.600
7.020	72.300
7.030	72.100
7.040	72.100
7.050	72.000
7.060	71.800
7.070	71.800
7.080	71.500
7.090	71.400
7.100	71.300
7.110	71.300
7.120	71.400
7.130	71.200
7.140	71.200
7.150	71.200
7.160	71.200
7.170	71.100
7.180	71.100
7.190	70.900
7.200	70.900
7.210	71.000
7.220	70.800
7.230	70.300
7.240	70.500
7.250	70.600
7.260	70.400
7.270	70.300
7.280	70.200
7.290	70.200
7.300	70.000
7.310	69.900
7.320	70.000
7.330	70.000
7.340	69.900
7.350	69.900
7.360	69.800
7.370	69.800
7.380	69.700
7.390	69.800
7.400	69.700
7.410	69.300
7.420	69.500
7.430	69.300
7.440	69.300
7.450	69.200
7.460	69.000
7.470	69.000
7.480	68.900
7.490	68.900
7.500	68.800
7.510	68.800
7.520	68.800
7.530	68.600
7.540	68.600
7.550	68.500
7.560	68.600
7.570	68.400
7.580	68.500
7.590	68.300
7.600	68.200
7.610	68.100
7.620	68.000
7.630	68.100
7.640	68.000
7.650	67.800
7.660	67.700
7.670	67.600
7.680	67.500
7.690	67.400
7.700	67.400
7.710	67.300
7.720	67.200
7.730	67.100
7.740	67.000
7.750	67.000
7.760	66.500
7.770	66.800
7.780	66.700
7.790	66.400
7.800	66.400
7.810	66.400
7.820	66.500
7.830	66.000
7.840	66.500
7.850	66.300
7.860	66.100
7.870	66.000
7.880	66.100
7.890	66.000
7.900	66.000
7.910	65.600
7.920	65.900
7.930	65.700
7.940	65.600
7.950	65.600
7.960	65.400
7.970	65.300
7.980	65.300
7.990	65.300
8.000	65.200
8.010	65.000
8.020	64.900
8.030	65.000
8.040	65.000
8.050	65.000
8.060	64.900
8.070	64.900
8.080	64.700
8.090	64.700
8.100	64.700
8.110	64.700
8.120	64.400
8.130	64.500
8.140	64.400
8.150	64.000
8.160	64.300
8.170	63.900
8.180	63.900
8.190	63.800
8.200	63.700
8.210	63.700
8.220	63.700
8.230	63.700
8.240	63.500
8.250	63.500
8.260	63.400
8.270	63.400
8.280	63.400
8.290	63.400
8.300	63.300
8.310	63.200
8.320	63.100
8.330	62.900
8.340	62.900
8.350	62.900
8.360	62.800
8.370	62.800
8.380	62.500
8.390	62.400
8.400	62.400
8.410	62.400
8.420	62.300
8.430	62.200
8.440	62.200
8.450	62.000
8.460	62.000
8.470	61.900
8.480	61.800
8.490	61.800
8.500	61.500
8.510	61.400
8.520	61.300
8.530	61.300
8.540	61.200
8.550	61.200
8.560	61.200
8.570	61.100
8.580	61.000
8.590	60.900
8.600	60.900
8.610	60.900
8.620	60.800
8.630	60.700
8.640	60.600
8.650	60.600
8.660	60.600
8.670	60.500
8.680	60.500
8.690	60.400
8.700	60.300
8.710	60.200
8.720	60.100
8.730	60.100
8.740	60.000
8.750	59.900
8.760	59.800
8.770	59.700
8.780	59.600
8.790	59.700
8.800	59.700
8.810	59.500
8.820	59.700
8.830	59.500
8.840	59.300
8.850	59.300
8.860	59.200
8.870	59.200
8.880	59.200
8.890	59.100
8.900	59.000
8.910	59.000
8.920	58.800
8.930	58.700
8.940	58.600
8.950	58.500
8.960	58.400
8.970	58.400
8.980	58.400
8.990	58.300
9.000	58.200
9.010	58.300
9.020	58.100
9.030	58.200
9.040	57.900
9.050	57.900
9.060	57.900
9.070	57.900
9.080	57.800
9.090	57.800
9.100	57.700
9.110	57.600
9.120	57.500
9.130	57.400
9.140	57.400
9.150	57.300
9.160	57.300
9.170	57.100
9.180	57.200
9.190	57.000
9.200	56.900
9.210	56.800
9.220	56.800
9.230	56.700
9.240	56.600
9.250	56.600
9.260	56.500
9.270	56.400
9.280	56.400
9.290	56.200
9.300	56.200
9.310	56.100
9.320	55.900
9.330	55.800
9.340	55.700
9.350	55.700
9.360	55.600
9.370	55.600
9.380	55.500
9.390	55.400
9.400	55.400
9.410	55.300
9.420	55.200
9.430	55.200
9.440	55.200
9.450	55.200
9.460	55.200
9.470	55.000
9.480	54.900
9.490	54.800
9.500	54.900
9.510	54.900
9.520	54.800
9.530	54.700
9.540	54.600
9.550	54.500
9.560	54.400
9.570	54.400
9.580	54.300
9.590	54.200
9.600	54.200
9.610	54.000
9.620	54.000
9.630	53.800
9.640	53.900
9.650	53.900
9.660	53.900
9.670	53.800
9.680	53.700
9.690	53.600
9.700	53.600
9.710	53.500
9.720	53.400
9.730	53.300
9.740	53.300
9.750	53.300
9.760	53.200
9.770	53.100
9.780	52.900
9.790	52.800
9.800	52.800
9.810	52.700
9.820	52.600
9.830	52.500
9.840	52.500
9.850	52.500
9.860	52.400
9.870	52.300
9.880	52.300
9.890	52.200
9.900	52.200
9.910	52.100
9.920	52.100
9.930	52.000
9.940	52.000
9.950	51.900
9.960	51.900
9.970	51.800
9.980	51.800
9.990	51.700
10.000	51.600
10.010	51.500
10.020	51.400
10.030	51.400
10.040	51.300
10.050	51.200
10.060	51.100
10.070	51.100
10.080	51.000
10.090	51.000
10.100	50.800
10.110	50.700
10.120	50.700
10.130	50.700
10.140	50.600
10.150	50.600
10.160	50.500
10.170	50.400
10.180	50.400
10.190	50.300
10.200	50.200
10.210	50.100
10.220	50.000
10.230	49.900
10.240	49.800
10.250	49.700
10.260	49.600
10.270	49.500
10.280	49.500
10.290	49.400
10.300	49.400
10.310	49.300
10.320	49.300
10.330	49.100
10.340	49.100
10.350	49.100
10.360	49.000
10.370	49.000
10.380	49.000
10.390	48.900
10.400	48.800
10.410	48.700
10.420	48.700
10.430	48.600
10.440	48.600
10.450	48.500
10.460	48.600
10.470	48.500
10.480	48.400
10.490	48.300
10.500	48.200
10.510	48.200
10.520	48.100
10.530	48.000
10.540	48.000
10.550	47.900
10.560	47.800
10.570	47.700
10.580	47.500
10.590	47.600
10.600	47.600
10.610	47.500
10.620	47.400
10.630	47.400
10.640	47.300
10.650	47.200
10.660	47.200
10.670	47.100
10.680	47.000
10.690	47.000
10.700	46.800
10.710	46.500
10.720	46.800
10.730	46.900
10.740	46.700
10.750	46.500
10.760	46.400
10.770	46.300
10.780	46.200
10.790	46.200
10.800	46.100
10.810	46.000
10.820	45.900
10.830	45.900
10.840	45.800
10.850	45.800
10.860	45.800
10.870	45.700
10.880	45.600
10.890	45.600
10.900	45.500
10.910	45.500
10.920	45.400
10.930	45.400
10.940	45.300
10.950	45.300
10.960	45.200
10.970	45.200
10.980	45.100
10.990	45.100
11.000	44.900
11.010	44.900
11.020	44.800
11.030	44.800
11.040	44.700
11.050	44.500
11.060	44.500
11.070	44.400
11.080	44.400
11.090	44.400
11.100	44.400
11.110	44.200
11.120	44.200
11.130	44.100
11.140	44.000
11.150	43.900
11.160	43.800
11.170	43.800
11.180	43.800
11.190	43.700
11.200	43.600
11.210	43.600
11.220	43.500
11.230	43.500
11.240	43.400
11.250	43.300
11.260	43.300
11.270	43.100
11.280	43.000
11.290	42.900
11.300	42.800
11.310	42.800
11.320	42.700
11.330	42.700
11.340	42.600
11.350	42.600
11.360	42.500
11.370	42.400
11.380	42.400
11.390	42.300
11.400	42.200
11.410	42.200
11.420	42.000
11.430	42.000
11.440	42.000
11.450	42.000
11.460	42.000
11.470	41.900
11.480	41.700
11.490	41.700
11.500	41.600
11.510	41.600
11.520	41.500
11.530	41.500
11.540	41.500
11.550	41.600
11.560	41.400
11.570	41.300
11.580	41.200
11.590	41.200
11.600	41.100
11.610	41.000
11.620	41.000
11.630	40.900
11.640	40.800
11.650	40.800
11.660	40.700
11.670	40.600
11.680	40.500
11.690	40.400
11.700	40.400
11.710	40.400
11.720	40.300
11.730	40.200
11.740	40.200
11.750	40.200
11.760	40.100
11.770	40.000
11.780	39.900
11.790	39.900
11.800	39.800
11.810	39.700
11.820	39.600
11.830	39.500
11.840	39.400
11.850	39.400
11.860	39.400
11.870	39.300
11.880	39.200
11.890	39.100
11.900	39.000
11.910	38.900
11.920	38.800
11.930	38.800
11.940	38.700
11.950	38.600
11.960	38.600
11.970	38.500
11.980	38.400
11.990	38.400
12.000	38.300
12.010	38.300
12.020	38.200
12.030	38.200
12.040	38.100
12.050	38.100
12.060	38.000
12.070	38.000
12.080	37.900
12.090	37.900
12.100	37.800
12.110	37.800
12.120	37.700
12.130	37.700
12.140	37.600
12.150	37.600
12.160	37.500
12.170	37.200
12.180	37.300
12.190	37.400
12.200	37.300
12.210	37.200
12.220	37.200
12.230	37.000
12.240	37.000
12.250	36.900
12.260	36.800
12.270	36.700
12.280	36.700
12.290	36.700
12.300	36.600
12.310	36.500
12.320	36.500
12.330	36.500
12.340	36.400
12.350	36.300
12.360	36.300
12.370	36.200
12.380	36.100
12.390	36.100
12.400	36.000
12.410	36.000
12.420	35.900
12.430	35.800
12.440	35.800
12.450	35.700
12.460	35.700
12.470	35.600
12.480	35.500
12.490	35.500
12.500	35.400
12.510	35.400
12.520	35.300
12.530	35.200
12.540	35.100
12.550	35.000
12.560	34.900
12.570	34.800
12.580	34.800
12.590	34.800
12.600	34.700
12.610	34.600
12.620	34.600
12.630	34.500
12.640	34.500
12.650	34.400
12.660	34.300
12.670	34.300
12.680	34.200
12.690	34.100
12.700	34.000
12.710	33.900
12.720	33.900
12.730	33.900
12.740	33.900
12.750	33.800
12.760	33.800
12.770	33.700
12.780	33.600
12.790	33.500
12.800	33.500
12.810	33.400
12.820	33.400
12.830	33.300
12.840	33.300
12.850	33.200
12.860	33.200
12.870	33.300
12.880	33.200
12.890	33.100
12.900	33.000
12.910	32.900
12.920	32.800
12.930	32.800
12.940	32.700
12.950	32.600
12.960	32.500
12.970	32.400
12.980	32.600
12.990	32.600
13.000	32.400
13.010	32.300
13.020	32.100
13.030	32.100
13.040	32.000
13.050	31.900
13.060	32.000
13.070	31.900
13.080	31.800
13.090	31.800
13.100	31.700
13.110	31.700
13.120	31.500
13.130	31.500
13.140	31.400
13.150	31.300
13.160	31.200
13.170	31.200
13.180	31.100
13.190	31.000
13.200	30.900
13.210	30.900
13.220	30.800
13.230	30.700
13.240	30.500
13.250	30.500
13.260	30.400
13.270	30.400
13.280	30.300
13.290	30.300
13.300	30.200
13.310	30.100
13.320	30.000
13.330	30.000
13.340	29.900
13.350	29.800
13.360	29.700
13.370	29.600
13.380	29.500
13.390	29.500
13.400	29.600
13.410	29.500
13.420	29.400
13.430	29.300
13.440	29.200
13.450	29.200
13.460	29.100
13.470	29.100
13.480	29.000
13.490	29.000
13.500	28.900
13.510	28.800
13.520	28.900
13.530	28.900
13.540	28.800
13.550	28.700
13.560	28.600
13.570	28.600
13.580	28.500
13.590	28.500
13.600	28.400
13.610	28.400
13.620	28.300
13.630	28.300
13.640	28.200
13.650	28.100
13.660	28.100
13.670	28.000
13.680	28.000
13.690	27.900
13.700	27.800
13.710	27.800
13.720	27.800
13.730	27.700
13.740	27.700
13.750	27.600
13.760	27.500
13.770	27.500
13.780	27.400
13.790	27.300
13.800	27.300
13.810	27.200
13.820	27.100
13.830	27.100
13.840	27.000
13.850	27.000
13.860	26.900
13.870	26.900
13.880	26.800
13.890	26.800
13.900	26.700
13.910	26.700
13.920	26.600
13.930	26.500
13.940	26.400
13.950	26.400
13.960	26.300
13.970	26.200
13.980	26.200
13.990	26.200
14.000	26.200
14.010	26.100
14.020	26.100
14.030	26.000
14.040	25.900
14.050	25.900
14.060	25.800
14.070	25.800
14.080	25.700
14.090	25.700
14.100	25.600
14.110	25.600
14.120	25.500
14.130	25.400
14.140	25.400
14.150	25.300
14.160	25.200
14.170	25.200
14.180	25.100
14.190	25.000
14.200	24.900
14.210	24.800
14.220	24.800
14.230	24.700
14.240	24.700
14.250	24.600
14.260	24.600
14.270	24.500
14.280	24.500
14.290	24.400
14.300	24.300
14.310	24.200
14.320	24.200
14.330	24.100
14.340	24.100
14.350	24.000
14.360	24.000
14.370	23.900
14.380	23.800
14.390	23.800
14.400	23.700
14.410	23.700
14.420	23.600
14.430	23.500
14.440	23.500
14.450	23.400
14.460	23.400
14.470	23.300
14.480	23.300
14.490	23.200
14.500	23.200
14.510	23.100
14.520	23.000
14.530	23.000
14.540	22.900
14.550	22.900
14.560	22.800
14.570	22.700
14.580	22.700
14.590	22.600
14.600	22.600
14.610	22.500
14.620	22.500
14.630	22.400
14.640	22.400
14.650	22.400
14.660	22.400
14.670	22.300
14.680	22.300
14.690	22.200
14.700	22.100
14.710	22.100
14.720	22.000
14.730	21.900
14.740	21.900
14.750	21.800
14.760	21.800
14.770	21.700
14.780	21.700
14.790	21.600
14.800	21.500
14.810	21.500
14.820	21.400
14.830	21.400
14.840	21.300
14.850	21.300
14.860	21.200
14.870	21.100
14.880	21.000
14.890	21.000
14.900	20.900
14.910	20.900
14.920	20.800
14.930	20.700
14.940	20.700
14.950	20.600
14.960	20.600
14.970	20.500
14.980	20.500
14.990	20.400
15.000	20.300
15.010	20.200
15.020	20.200
15.030	20.100
15.040	20.000
15.050	20.000
15.060	19.900
15.070	19.800
15.080	19.700
15.090	19.600
15.100	19.600
15.110	19.500
15.120	19.400
15.130	19.300
15.140	19.200
15.150	19.100
15.160	19.000
15.170	19.000
15.180	18.900
15.190	18.800
15.200	18.700
15.210	18.600
15.220	18.600
15.230	18.500
15.240	18.400
15.250	18.300
15.260	18.200
15.270	18.100
15.280	18.000
15.290	17.900
15.300	17.900
15.310	17.800
15.320	17.800
15.330	17.700
15.340	17.600
15.350	17.600
15.360	17.500
15.370	17.400
15.380	17.400
15.390	17.300
15.400	17.200
15.410	17.200
15.420	17.100
15.430	17.000
15.440	17.000
15.450	16.900
15.460	16.800
15.470	16.700
15.480	16.700
15.490	16.600
15.500	16.600
15.510	16.500
15.520	16.500
15.530	16.400
15.540	16.400
15.550	16.300
15.560	16.200
15.570	16.200
15.580	16.200
15.590	16.100
15.600	16.100
15.610	16.000
15.620	15.900
15.630	15.900
15.640	15.900
15.650	15.800
15.660	15.800
15.670	15.700
15.680	15.700
15.690	15.600
15.700	15.600
15.710	15.500
15.720	15.500
15.730	15.400
15.740	15.400
15.750	15.300
15.760	15.300
15.770	15.200
15.780	15.200
15.790	15.100
15.800	15.100
15.810	15.000
15.820	15.000
15.830	14.900
15.840	14.800
15.850	14.800
15.860	14.700
15.870	14.700
15.880	14.600
15.890	14.600
15.900	14.500
15.910	14.500
15.920	14.400
15.930	14.400
15.940	14.400
15.950	14.300
15.960	14.300
15.970	14.200
15.980	14.100
15.990	14.000
16.000	14.000
16.010	13.900
16.020	13.900
16.030	13.800
16.040	13.800
16.050	13.700
16.060	13.600
16.070	13.600
16.080	13.600
16.090	13.500
16.100	13.500
16.110	13.400
16.120	13.300
16.130	13.300
16.140	13.200
16.150	13.200
16.160	13.200
16.170	13.100
16.180	13.000
16.190	13.000
16.200	12.900
16.210	12.900
16.220	12.800
16.230	12.700
16.240	12.700
16.250	12.700
16.260	12.600
16.270	12.500
16.280	12.500
16.290	12.400
16.300	12.300
16.310	12.300
16.320	12.200
16.330	12.200
16.340	12.100
16.350	12.000
16.360	12.000
16.370	11.900
16.380	11.900
16.390	11.800
16.400	11.800
16.410	11.700
16.420	11.700
16.430	11.600
16.440	11.500
16.450	11.500
16.460	11.400
16.470	11.400
16.480	11.400
16.490	11.300
16.500	11.200
16.510	11.200
16.520	11.100
16.530	11.100
16.540	11.000
16.550	11.000
16.560	10.900
16.570	10.900
16.580	10.800
16.590	10.700
16.600	10.700
16.610	10.600
16.620	10.600
16.630	10.500
16.640	10.500
16.650	10.500
16.660	10.400
16.670	10.400
16.680	10.300
16.690	10.300
16.700	10.200
16.710	10.200
16.720	10.100
16.730	10.100
16.740	10.000
16.750	10.000
16.760	9.900
16.770	9.900
16.780	9.900
16.790	9.800
16.800	9.800
16.810	9.700
16.820	9.700
16.830	9.600
16.840	9.600
16.850	9.500
16.860	9.500
16.870	9.400
16.880	9.400
16.890	9.300
16.900	9.300
16.910	9.200
16.920	9.200
16.930	9.100
16.940	9.100
16.950	9.000
16.960	9.000
16.970	9.000
16.980	8.900
16.990	8.900
17.000	8.800
17.010	8.700
17.020	8.700
17.030	8.600
17.040	8.600
17.050	8.600
17.060	8.500
17.070	8.400
17.080	8.400
17.090	8.300
17.100	8.300
17.110	8.200
17.120	8.200
17.130	8.100
17.140	8.100
17.150	8.000
17.160	7.900
17.170	7.900
17.180	7.900
17.190	7.800
17.200	7.700
17.210	7.700
17.220	7.700
17.230	7.600
17.240	7.500
17.250	7.400
17.260	7.400
17.270	7.400
17.280	7.300
17.290	7.300
17.300	7.200
17.310	7.100
17.320	7.000
17.330	7.000
17.340	7.000
17.350	6.900
17.360	6.900
17.370	6.800
17.380	6.700
17.390	6.700
17.400	6.600
17.410	6.500
17.420	6.500
17.430	6.400
17.440	6.300
17.450	6.300
17.460	6.200
17.470	6.200
17.480	6.100
17.490	6.000
17.500	6.000
17.510	5.900
17.520	5.900
17.530	5.900
17.540	5.800
17.550	5.800
17.560	5.700
17.570	5.700
17.580	5.600
17.590	5.600
17.600	5.400
17.610	5.400
17.620	5.300
17.630	5.300
17.640	5.200
17.650	5.200
17.660	5.100
17.670	5.100
17.680	5.000
17.690	5.000
17.700	4.900
17.710	4.900
17.720	4.800
17.730	4.800
17.740	4.700
17.750	4.700
17.760	4.500
17.770	4.500
17.780	4.500
17.790	4.400
17.800	4.400
17.810	4.300
17.820	4.300
17.830	4.300
17.840	4.200
17.850	4.200
17.860	4.000
17.870	4.000
17.880	4.000
17.890	3.900
17.900	3.900
17.910	3.900
17.920	3.700
17.930	3.700
17.940	3.700
17.950	3.500
17.960	3.500
17.970	3.500
17.980	3.300
17.990	3.300
18.000	3.300
18.010	3.300
18.020	3.100
18.030	3.100
18.040	3.100
18.050	3.100
18.060	2.900
18.070	2.900
18.080	2.900
18.090	2.900
18.100	2.700
18.110	2.700
18.120	2.700
18.130	2.700
18.140	2.700
18.150	2.400
18.160	2.400
18.170	2.400
18.180	2.400
18.190	2.400
18.200	2.400
18.210	2.400
18.220	2.100
18.230	2.100
18.240	2.100
18.250	2.100
18.260	2.100
18.270	2.100
18.280	2.100
18.290	2.100
18.300	2.100
18.310	2.100
18.320	2.100
18.330	2.100
18.340	2.100
18.350	1.700
18.360	1.700
18.370	1.700
18.380	1.700
18.390	1.700
18.400	1.700
18.410	1.700
18.420	1.700
18.430	1.700
18.440	1.700
18.450	1.700
18.460	1.700
18.470	1.700
18.480	1.700
18.490	1.700
18.500	1.700
18.510	0.000
18.520	0.000
18.530	0.000
18.540	0.000
18.550	0.000
18.560	0.000
18.570	0.000
18.580	0.000
18.590	0.000
18.600	0.000
18.610	0.000
18.620	0.000
18.630	0.000
18.640	0.000
18.650	0.000
18.660	0.000
18.670	0.000
18.680	0.000
18.690	0.000
18.700	0.000
18.710	0.000
18.720	0.000
18.730	0.000
18.740	0.000
18.750	0.000
18.760	0.000
18.770	0.000
18.780	0.000
18.790	0.000
18.800	0.000
18.810	0.000
18.820	0.000
18.830	0.000
18.840	0.000
18.850	0.000
18.860	0.000
18.870	0.000
18.880	0.000
18.890	0.000
18.900	0.000
18.910	0.000
18.920	0.000
18.930	0.000
18.940	0.000
18.950	0.000
18.960	0.000
18.970	0.000
18.980	0.000
18.990	0.000
19.000	0.000
19.010	0.000
19.020	0.000
19.030	0.000
19.040	0.000
19.050	0.000
19.060	0.000
19.070	0.000
19.080	0.000
19.090	0.000
19.100	0.000
19.110	0.000
19.120	0.000
19.130	0.000
19.140	0.000
19.150	0.000
19.160	0.000
19.170	0.000
19.180	0.000
19.190	0.000
19.200	0.000
19.210	0.000
19.220	0.000
19.230	0.000
19.240	0.000
19.250	0.000
19.260	0.000
19.270	0.000
19.280	0.000
19.290	0.000
19.300	0.000
19.310	0.000
19.320	0.000
19.330	0.000
19.340	0.000
19.350	0.000
19.360	0.000
19.370	0.000
19.380	0.000
19.390	0.000
19.400	0.000
19.410	0.000
19.420	0.000
19.430	0.000
19.440	0.000
19.450	0.000
19.460	0.000
19.470	0.000
19.480	0.000
19.490	0.000
19.500	0.000
19.510	0.000
19.520	0.000
19.530	0.000
19.540	0.000
19.550	0.000
19.560	0.000
19.570	0.000
19.580	0.000
19.590	0.000
19.600	0.000
19.610	0.000
19.620	0.000
19.630	0.000
19.640	0.000
19.650	0.000
19.660	0.000
19.670	0.000
19.680	0.000
19.690	0.000
19.700	0.000
19.710	0.000
19.720	0.000
19.730	0.000
19.740	0.000
19.750	0.000
19.760	0.000
19.770	0.000
19.780	0.000
19.790	0.000
19.800	0.000
19.810	0.000
19.820	0.000
19.830	0.000
19.840	0.000
19.850	0.000
19.860	0.000
19.870	0.000
19.880	0.000
19.890	0.000
19.900	0.000
19.910	0.000
19.920	0.000
19.930	0.000
19.940	0.000
19.950	0.000
19.960	0.000
19.970	0.000
19.980	0.000
19.990	0.000
20.000	0.000
20.010	0.000
20.020	0.000
20.030	0.000
20.040	0.000
20.050	0.000
20.060	0.000
20.070	0.000
20.080	0.000
20.090	0.000
20.100	0.000
20.110	0.000
20.120	0.000
20.130	0.000
20.140	0.000
20.150	0.000
20.160	0.000
20.170	0.000
20.180	0.000
20.190	0.000
20.200	0.000
20.210	0.000
20.220	0.000
20.230	0.000
20.240	0.000
20.250	0.000
20.260	0.000
20.270	0.000
20.280	0.000
20.290	0.000
20.300	0.000
20.310	0.000
20.320	0.000
20.330	0.000
20.340	0.000
20.350	0.000
20.360	0.000
20.370	0.000
20.380	0.000
20.390	0.000
20.400	0.000
20.410	0.000
20.420	0.000
20.430	0.000
20.440	0.000
20.450	0.000
20.460	0.000
20.470	0.000
20.480	0.000
20.490	0.000
20.500	0.000
20.510	0.000
20.520	0.000
20.530	0.000
20.540	0.000
20.550	0.000
20.560	0.000
20.570	0.000
20.580	0.000
20.590	0.000
20.600	0.000
20.610	0.000
20.620	0.000
20.630	0.000
20.640	0.000
20.650	0.000
20.660	0.000
20.670	0.000
20.680	0.000
20.690	0.000
20.700	0.000
20.710	0.000
20.720	0.000
20.730	0.000
20.740	0.000
20.750	0.000
20.760	0.000
20.770	0.000
20.780	0.000
20.790	0.000
20.800	0.000
20.810	0.000
20.820	0.000
20.830	0.000
20.840	0.000
20.850	0.000
20.860	0.000
20.870	0.000
20.880	0.000
20.890	0.000
20.900	0.000
20.910	0.000
20.920	0.000
20.930	0.000
20.940	0.000
20.950	0.000
20.960	0.000
20.970	0.000
20.980	0.000
20.990	0.000
21.000	0.000
21.010	0.000
21.020	0.000
21.030	0.000
21.040	0.000
21.050	0.000
21.060	0.000
21.070	0.000
21.080	0.000
21.090	0.000
21.100	0.000
21.110	0.000
21.120	0.000
21.130	0.000
21.140	0.000
21.150	0.000
21.160	0.000
21.170	0.000
21.180	0.000
21.190	0.000
21.200	0.000
21.210	0.000
21.220	0.000
21.230	0.000
21.240	0.000
21.250	0.000
21.260	0.000
21.270	0.000
21.280	0.000
21.290	0.000
21.300	0.000
21.310	0.000
21.320	0.000
21.330	0.000
21.340	0.000
21.350	0.000
21.360	0.000
21.370	0.000
21.380	0.000
21.390	0.000
21.400	0.000
21.410	0.000
21.420	0.000
21.430	0.000
21.440	0.000
21.450	0.000
21.460	0.000
21.470	0.000
21.480	0.000
21.490	0.000
21.500	0.000
21.510	0.000
21.520	0.000
21.530	0.000
21.540	0.000
21.550	0.000
21.560	0.000
21.570	0.000
21.580	0.000
21.590	0.000
21.600	0.000
21.610	0.000
21.620	0.000
21.630	0.000
21.640	0.000
21.650	0.000
21.660	0.000
21.670	0.000
21.680	0.000
21.690	0.000
21.700	0.000
21.710	0.000
21.720	0.000
21.730	0.000
21.740	0.000
21.750	0.000
21.760	0.000
21.770	0.000
21.780	0.000
21.790	0.000
21.800	0.000
21.810	0.000
21.820	0.000
21.830	0.000
21.840	0.000
21.850	0.000
21.860	0.000
21.870	0.000
21.880	0.000
21.890	0.000
21.900	0.000
21.910	0.000
21.920	0.000
21.930	0.000
21.940	0.000
21.950	0.000
21.960	0.000
21.970	0.000
21.980	0.000
21.990	0.000
22.000	0.000
22.010	0.000
22.020	0.000
22.030	0.000
22.040	0.000
22.050	0.000
22.060	0.000
22.070	0.000
22.080	0.000
22.090	0.000
22.100	0.000
22.110	0.000
22.120	0.000
22.130	0.000
22.140	0.000
22.150	0.000
22.160	0.000
22.170	0.000
22.180	0.000
22.190	0.000
22.200	0.000
22.210	0.000
22.220	0.000
22.230	0.000
22.240	0.000
22.250	0.000
22.260	0.000
22.270	0.000
22.280	0.000
22.290	0.000
22.300	0.000
22.310	0.000
22.320	0.000
22.330	0.000
22.340	0.000
22.350	0.000
22.360	0.000
22.370	0.000
22.380	0.000
22.390	0.000
22.400	0.000
22.410	0.000
22.420	0.000
22.430	0.000
22.440	0.000
22.450	0.000
22.460	0.000
22.470	0.000
22.480	0.000
22.490	0.000
22.500	0.000
22.510	0.000
22.520	0.000
22.530	0.000
22.540	0.000
22.550	0.000
22.560	0.000
22.570	0.000
22.580	0.000
22.590	0.000
22.600	0.000
22.610	0.000
22.620	0.000
22.630	0.000
22.640	0.000
22.650	0.000
22.660	0.000
22.670	0.000
22.680	0.000
22.690	0.000
22.700	0.000
22.710	0.000
22.720	0.000
22.730	0.000
22.740	0.000
22.750	0.000
22.760	0.000
22.770	0.000
22.780	0.000
22.790	0.000
22.800	0.000
22.810	0.000
22.820	0.000
22.830	0.000
22.840	0.000
22.850	0.000
22.860	0.000
22.870	0.000
22.880	0.000
22.890	0.000
22.900	0.000
22.910	0.000
22.920	0.000
22.930	0.000
22.940	0.000
22.950	0.000
22.960	0.000
22.970	0.000
22.980	0.000
22.990	0.000
23.000	0.000
23.010	0.000
23.020	0.000
23.030	0.000
23.040	0.000
23.050	0.000
23.060	0.000
23.070	0.000
23.080	0.000
23.090	0.000
23.100	0.000
23.110	0.000
23.120	0.000
23.130	0.000
23.140	0.000
23.150	0.000
23.160	0.000
23.170	0.000
23.180	0.000
23.190	0.000
23.200	0.000
23.210	0.000
23.220	0.000
23.230	0.000
23.240	0.000
23.250	0.000
23.260	0.000
23.270	0.000
23.280	0.000
23.290	0.000
23.300	0.000
23.310	0.000
23.320	0.000
23.330	0.000
23.340	0.000
23.350	0.000
23.360	0.000
23.370	0.000
23.380	0.000
23.390	0.000
23.400	0.000
23.410	0.000
23.420	0.000
23.430	0.000
23.440	0.000
23.450	0.000
23.460	0.000
23.470	0.000
23.480	0.000
23.490	0.000
23.500	0.000
23.510	0.000
23.520	0.000
23.530	0.000
23.540	0.000
23.550	0.000
23.560	0.000
23.570	0.000
23.580	0.000
23.590	0.000
23.600	0.000
23.610	0.000
23.620	0.000
23.630	0.000
23.640	0.000
23.650	0.000
23.660	0.000
23.670	0.000
23.680	0.000
23.690	0.000
23.700	0.000
23.710	0.000
23.720	0.000
23.730	0.000
23.740	0.000
23.750	0.000
23.760	0.000
23.770	0.000
23.780	0.000
23.790	0.000
23.800	0.000
23.810	0.000
23.820	0.000
23.830	0.000
23.840	0.000
23.850	0.000
23.860	0.000
23.870	0.000
23.880	0.000
23.890	0.000
23.900	0.000
23.910	0.000
23.920	0.000
23.930	0.000
23.940	0.000
23.950	0.000
23.960	0.000
23.970	0.000
23.980	0.000
23.990	0.000
24.000	0.000
24.010	0.000
24.020	0.000
24.030	0.000
24.040	0.000
24.050	0.000
24.060	0.000
24.070	0.000
24.080	0.000
24.090	0.000
24.100	0.000
24.110	0.000
24.120	0.000
24.130	0.000
24.140	0.000
24.150	0.000
24.160	0.000
24.170	0.000
24.180	0.000
24.190	0.000
24.200	0.000
24.210	0.000
24.220	0.000
24.230	0.000
24.240	0.000
24.250	0.000
24.260	0.000
24.270	0.000
24.280	0.000
24.290	0.000
24.300	0.000
24.310	0.000
24.320	0.000
24.330	0.000
24.340	0.000
24.350	0.000
24.360	0.000
24.370	0.000
24.380	0.000
24.390	0.000
24.400	0.000
24.410	0.000
24.420	0.000
24.430	0.000
24.440	0.000
24.450	0.000
24.460	0.000
24.470	0.000
24.480	0.000
24.490	0.000
24.500	0.000
24.510	0.000
24.520	0.000
24.530	0.000
24.540	0.000
24.550	0.000
24.560	0.000
24.570	0.000
24.580	0.000
24.590	0.000
24.600	0.000
24.610	0.000
24.620	0.000
24.630	0.000
24.640	0.000
24.650	0.000
24.660	0.000
24.670	0.000
24.680	0.000
24.690	0.000
24.700	0.000
24.710	0.000
24.720	0.000
24.730	0.000
24.740	0.000
24.750	0.000
24.760	0.000
24.770	0.000
24.780	0.000
24.790	0.000
24.800	0.000
24.810	0.000
24.820	0.000
24.830	0.000
24.840	0.000
24.850	0.000
24.860	0.000
24.870	0.000
24.880	0.000
24.890	0.000
24.900	0.000
24.910	0.000
24.920	0.000
24.930	0.000
24.940	0.000
24.950	0.000
24.960	0.000
24.970	0.000
24.980	0.000
24.990	0.000
25.000	0.000
25.010	0.000
25.020	0.000
25.030	0.000
25.040	0.000
25.050	0.000
25.060	0.000
25.070	0.000
25.080	0.000
25.090	0.000
25.100	0.000
25.110	0.000
25.120	0.000
25.130	0.000
25.140	0.000
25.150	0.000
25.160	0.000
25.170	0.000
25.180	0.000
25.190	0.000
25.200	0.000
25.210	0.000
25.220	0.000
25.230	0.000
25.240	0.000
25.250	0.000
25.260	0.000
25.270	0.000
25.280	0.000
25.290	0.000
25.300	0.000
25.310	0.000
25.320	0.000
25.330	0.000
25.340	0.000
25.350	0.000
25.360	0.000
25.370	0.000
25.380	0.000
25.390	0.000
25.400	0.000
25.410	0.000
25.420	0.000
25.430	0.000
25.440	0.000
25.450	0.000
25.460	0.000
25.470	0.000
25.480	0.000
25.490	0.000
25.500	0.000
25.510	0.000
25.520	0.000
25.530	0.000
25.540	0.000
25.550	0.000
25.560	0.000
25.570	0.000
25.580	0.000
25.590	0.000
25.600	0.000
25.610	0.000
25.620	0.000
25.630	0.000
25.640	0.000
25.650	0.000
25.660	0.000
25.670	0.000
25.680	0.000
25.690	0.000
25.700	0.000
25.710	0.000
25.720	0.000
25.730	0.000
25.740	0.000
25.750	0.000
25.760	0.000
25.770	0.000
25.780	0.000
25.790	0.000
25.800	0.000
25.810	0.000
25.820	0.000
25.830	0.000
25.840	0.000
25.850	0.000
25.860	0.000
25.870	0.000
25.880	0.000
25.890	0.000
25.900	0.000
25.910	0.000
25.920	0.000
25.930	0.000
25.940	0.000
25.950	0.000
25.960	0.000
25.970	0.000
25.980	0.000
25.990	0.000
26.000	0.000
26.010	0.000
26.020	0.000
26.030	0.000
26.040	0.000
26.050	0.000
26.060	0.000
26.070	0.000
26.080	0.000
26.090	0.000
26.100	0.000
26.110	0.000
26.120	0.000
26.130	0.000
26.140	0.000
26.150	0.000
26.160	0.000
26.170	0.000
26.180	0.000
26.190	0.000
26.200	0.000
26.210	0.000
26.220	0.000
26.230	0.000
26.240	0.000
26.250	0.000
26.260	0.000
26.270	0.000
26.280	0.000
26.290	0.000
26.300	0.000
26.310	0.000
26.320	0.000
26.330	0.000
26.340	0.000
26.350	0.000
26.360	0.000
26.370	0.000
26.380	0.000
26.390	0.000
26.400	0.000
26.410	0.000
26.420	0.000
26.430	0.000
26.440	0.000
26.450	0.000
26.460	0.000
26.470	0.000
26.480	0.000
26.490	0.000
26.500	0.000
26.510	0.000
26.520	0.000
26.530	0.000
26.540	0.000
26.550	0.000
26.560	0.000
26.570	0.000
26.580	0.000
26.590	0.000
26.600	0.000
26.610	0.000
26.620	0.000
26.630	0.000
26.640	0.000
26.650	0.000
26.660	0.000
26.670	0.000
26.680	0.000
26.690	0.000
26.700	0.000
26.710	0.000
26.720	0.000
26.730	0.000
26.740	0.000
26.750	0.000
26.760	0.000
26.770	0.000
26.780	0.000
26.790	0.000
26.800	0.000
26.810	0.000
26.820	0.000
26.830	0.000
26.840	0.000
26.850	0.000
26.860	0.000
26.870	0.000
26.880	0.000
26.890	0.000
26.900	0.000
26.910	0.000
26.920	0.000
26.930	0.000
26.940	0.000
26.950	0.000
26.960	0.000
26.970	0.000
26.980	0.000
26.990	0.000
27.000	0.000
27.010	0.000
27.020	0.000
27.030	0.000
27.040	0.000
27.050	0.000
27.060	0.000
27.070	0.000
27.080	0.000
27.090	0.000
27.100	0.000
27.110	0.000
27.120	0.000
27.130	0.000
27.140	0.000
27.150	0.000
27.160	0.000
27.170	0.000
27.180	0.000
27.190	0.000
27.200	0.000
27.210	0.000
27.220	0.000
27.230	0.000
27.240	0.000
27.250	0.000
27.260	0.000
27.270	0.000
27.280	0.000
27.290	0.000
27.300	0.000
27.310	0.000
27.320	0.000
27.330	0.000
27.340	0.000
27.350	0.000
27.360	0.000
27.370	0.000
27.380	0.000
27.390	0.000
27.400	0.000
27.410	0.000
27.420	0.000
27.430	0.000
27.440	0.000
27.450	0.000
27.460	0.000
27.470	0.000
27.480	0.000
27.490	0.000
27.500	0.000
27.510	0.000
27.520	0.000
27.530	0.000
27.540	0.000
27.550	0.000
27.560	0.000
27.570	0.000
27.580	0.000
27.590	0.000
27.600	0.000
27.610	0.000
27.620	0.000
27.630	0.000
27.640	0.000
27.650	0.000
27.660	0.000
27.670	0.000
27.680	0.000
27.690	0.000
27.700	0.000
27.710	0.000
27.720	0.000
27.730	0.000
27.740	0.000
27.750	0.000
27.760	0.000
27.770	0.000
27.780	0.000
27.790	0.000
27.800	0.000
27.810	0.000
27.820	0.000
27.830	0.000
27.840	0.000
27.850	0.000
27.860	0.000
27.870	0.000
27.880	0.000
27.890	0.000
27.900	0.000
27.910	0.000
27.920	0.000
27.930	0.000
27.940	0.000
27.950	0.000
27.960	0.000
27.970	0.000
27.980	0.000
27.990	0.000
28.000	0.000
28.010	0.000
28.020	0.000
28.030	0.000
28.040	0.000
28.050	0.000
28.060	0.000
28.070	0.000
28.080	0.000
28.090	0.000
28.100	0.000
28.110	0.000
28.120	0.000
28.130	0.000
28.140	0.000
28.150	0.000
28.160	0.000
28.170	0.000
28.180	0.000
28.190	0.000
28.200	0.000
28.210	0.000
28.220	0.000
28.230	0.000
28.240	0.000
28.250	0.000
28.260	0.000
28.270	0.000
28.280	0.000
28.290	0.000
28.300	0.000
28.310	0.000
28.320	0.000
28.330	0.000
28.340	0.000
28.350	0.000
28.360	0.000
28.370	0.000
28.380	0.000
28.390	0.000
28.400	0.000
28.410	0.000
28.420	0.000
28.430	0.000
28.440	0.000
28.450	0.000
28.460	0.000
28.470	0.000
28.480	0.000
28.490	0.000
28.500	0.000
28.510	0.000
28.520	0.000
28.530	0.000
28.540	0.000
28.550	0.000
28.560	0.000
28.570	0.000
28.580	0.000
28.590	0.000
28.600	0.000
28.610	0.000
28.620	0.000
28.630	0.000
28.640	0.000
28.650	0.000
28.660	0.000
28.670	0.000
28.680	0.000
28.690	0.000
28.700	0.000
28.710	0.000
28.720	0.000
28.730	0.000
28.740	0.000
28.750	0.000
28.760	0.000
28.770	0.000
28.780	0.000
28.790	0.000
28.800	0.000
28.810	0.000
28.820	0.000
28.830	0.000
28.840	0.000
28.850	0.000
28.860	0.000
28.870	0.000
28.880	0.000
28.890	0.000
28.900	0.000
28.910	0.000
28.920	0.000
28.930	0.000
28.940	0.000
28.950	0.000
28.960	0.000
28.970	0.000
28.980	0.000
28.990	0.000
29.000	0.000
29.010	0.000
29.020	0.000
29.030	0.000
29.040	0.000
29.050	0.000
29.060	0.000
29.070	0.000
29.080	0.000
29.090	0.000
29.100	0.000
29.110	0.000
29.120	0.000
29.130	0.000
29.140	0.000
29.150	0.000
29.160	0.000
29.170	0.000
29.180	0.000
29.190	0.000
29.200	0.000
29.210	0.000
29.220	0.000
29.230	0.000
29.240	0.000
29.250	0.000
29.260	0.000
29.270	0.000
29.280	0.000
29.290	0.000
29.300	0.000
29.310	0.000
29.320	0.000
29.330	0.000
29.340	0.000
29.350	0.000
29.360	0.000
29.370	0.000
29.380	0.000
29.390	0.000
29.400	0.000
29.410	0.000
29.420	0.000
29.430	0.000
29.440	0.000
29.450	0.000
29.460	0.000
29.470	0.000
29.480	0.000
29.490	0.000
29.500	0.000
29.510	0.000
29.520	0.000
29.530	0.000
29.540	0.000
29.550	0.000
29.560	0.000
29.570	0.000
29.580	0.000
29.590	0.000
29.600	0.000
29.610	0.000
29.620	0.000
29.630	0.000
29.640	0.000
29.650	0.000
29.660	0.000
29.670	0.000
29.680	0.000
29.690	0.000
29.700	0.000
29.710	0.000
29.720	0.000
29.730	0.000
29.740	0.000
29.750	0.000
29.760	0.000
29.770	0.000
29.780	0.000
29.790	0.000
29.800	0.000
29.810	0.000
29.820	0.000
29.830	0.000
29.840	0.000
29.850	0.000
29.860	0.000
29.870	0.000
29.880	0.000
29.890	0.000
29.900	0.000
29.910	0.000
29.920	0.000
29.930	0.000
29.940	0.000
29.950	0.000
29.960	0.000
29.970	0.000
29.980	0.000
29.990	0.000
30.000	0.000
30.010	0.000
30.020	0.000
30.030	0.000
30.040	0.000
30.050	0.000
30.060	0.000
30.070	0.000
30.080	0.000
30.090	0.000
30.100	0.000
30.110	0.000
30.120	0.000
30.130	0.000
30.140	0.000
30.150	0.000
30.160	0.000
30.170	0.000
30.180	0.000
30.190	0.000
30.200	0.000
30.210	0.000
30.220	0.000
30.230	0.000
30.240	0.000
30.250	0.000
30.260	0.000
30.270	0.000
30.280	0.000
30.290	0.000
30.300	0.000
30.310	0.000
30.320	0.000
30.330	0.000
30.340	0.000
30.350	0.000
30.360	0.000
30.370	0.000
30.380	0.000
30.390	0.000
30.400	0.000
30.410	0.000
30.420	0.000
30.430	0.000
30.440	0.000
30.450	0.000
30.460	0.000
30.470	0.000
30.480	0.000
30.490	0.000
30.500	0.000
30.510	0.000
30.520	0.000
30.530	0.000
30.540	0.000
30.550	0.000
30.560	0.000
30.570	0.000
30.580	0.000
30.590	0.000
30.600	0.000
30.610	0.000
30.620	0.000
30.630	0.000
30.640	0.000
30.650	0.000
30.660	0.000
30.670	0.000
30.680	0.000
30.690	0.000
30.700	0.000
30.710	0.000
30.720	0.000
30.730	0.000
30.740	0.000
30.750	0.000
30.760	0.000
30.770	0.000
30.780	0.000
30.790	0.000
30.800	0.000
30.810	0.000
30.820	0.000
30.830	0.000
30.840	0.000
30.850	0.000
30.860	0.000
30.870	0.000
30.880	0.000
30.890	0.000
30.900	0.000
30.910	0.000
30.920	0.000
30.930	0.000
30.940	0.000
30.950	0.000
30.960	0.000
30.970	0.000
30.980	0.000
30.990	0.000
31.000	0.000
31.010	0.000
31.020	0.000
31.030	0.000
31.040	0.000
31.050	0.000
31.060	0.000
31.070	0.000
31.080	0.000
31.090	0.000
31.100	0.000
31.110	0.000
31.120	0.000
31.130	0.000
31.140	0.000
31.150	0.000
31.160	0.000
31.170	0.000
31.180	0.000
31.190	0.000
31.200	0.000
31.210	0.000
31.220	0.000
31.230	0.000
31.240	0.000
31.250	0.000
31.260	0.000
31.270	0.000
31.280	0.000
31.290	0.000
31.300	0.000
31.310	0.000
31.320	0.000
31.330	0.000
31.340	0.000
31.350	0.000
31.360	0.000
31.370	0.000
31.380	0.000
31.390	0.000
31.400	0.000
31.410	0.000
31.420	0.000
31.430	0.000
31.440	0.000
31.450	0.000
31.460	0.000
31.470	0.000
31.480	0.000
31.490	0.000
31.500	0.000
31.510	0.000
31.520	0.000
31.530	0.000
31.540	0.000
31.550	0.000
31.560	0.000
31.570	0.000
31.580	0.000
31.590	0.000
31.600	0.000
31.610	0.000
31.620	0.000
31.630	0.000
31.640	0.000
31.650	0.000
31.660	0.000
31.670	0.000
31.680	0.000
31.690	0.000
31.700	0.000
31.710	0.000
31.720	0.000
31.730	0.000
31.740	0.000
31.750	0.000
31.760	0.000
31.770	0.000
31.780	0.000
31.790	0.000
31.800	0.000
31.810	0.000
31.820	0.000
31.830	0.000
31.840	0.000
31.850	0.000
31.860	0.000
31.870	0.000
31.880	0.000
31.890	0.000
31.900	0.000
31.910	0.000
31.920	0.000
31.930	0.000
31.940	0.000
31.950	0.000
31.960	0.000
31.970	0.000
31.980	0.000
31.990	0.000
32.000	0.000
32.010	0.000
32.020	0.000
32.030	0.000
32.040	0.000
32.050	0.000
32.060	0.000
32.070	0.000
32.080	0.000
32.090	0.000
32.100	0.000
32.110	0.000
32.120	0.000
32.130	0.000
32.140	0.000
32.150	0.000
32.160	0.000
32.170	0.000
32.180	0.000
32.190	0.000
32.200	0.000
32.210	0.000
32.220	0.000
32.230	0.000
32.240	0.000
32.250	0.000
32.260	0.000
32.270	0.000
32.280	0.000
32.290	0.000
32.300	0.000
32.310	0.000
32.320	0.000
32.330	0.000
32.340	0.000
32.350	0.000
32.360	0.000
32.370	0.000
32.380	0.000
32.390	0.000
32.400	0.000
32.410	0.000
32.420	0.000
32.430	0.000
32.440	0.000
32.450	0.000
32.460	0.000
32.470	0.000
32.480	0.000
32.490	0.000
32.500	0.000
32.510	0.000
32.520	0.000
32.530	0.000
32.540	0.000
32.550	0.000
32.560	0.000
32.570	0.000
32.580	0.000
32.590	0.000
32.600	0.000
32.610	0.000
32.620	0.000
32.630	0.000
32.640	0.000
32.650	0.000
32.660	0.000
32.670	0.000
32.680	0.000
32.690	0.000
32.700	0.000
32.710	0.000
32.720	0.000
32.730	0.000
32.740	0.000
32.750	0.000
32.760	0.000
32.770	0.000
32.780	0.000
32.790	0.000
32.800	0.000
32.810	0.000
32.820	0.000
32.830	0.000
32.840	0.000
32.850	0.000
32.860	0.000
32.870	0.000
32.880	0.000
32.890	0.000
32.900	0.000
32.910	0.000
32.920	0.000
32.930	0.000
32.940	0.000
32.950	0.000
32.960	0.000
32.970	0.000
32.980	0.000
32.990	0.000
33.000	0.000
33.010	0.000
33.020	0.000
33.030	0.000
33.040	0.000
33.050	0.000
33.060	0.000
33.070	0.000
33.080	0.000
33.090	0.000
33.100	0.000
33.110	0.000
33.120	0.000
33.130	0.000
33.140	0.000
33.150	0.000
33.160	0.000
33.170	0.000
33.180	0.000
33.190	0.000
33.200	0.000
33.210	0.000
33.220	0.000
33.230	0.000
33.240	0.000
33.250	0.000
33.260	0.000
33.270	0.000
33.280	0.000
33.290	0.000
33.300	0.000
33.310	0.000
33.320	0.000
33.330	0.000
33.340	0.000
33.350	0.000
33.360	0.000
33.370	0.000
33.380	0.000
33.390	0.000
33.400	0.000
33.410	0.000
33.420	0.000
33.430	0.000
33.440	0.000
33.450	0.000
33.460	0.000
33.470	0.000
33.480	0.000
33.490	0.000
33.500	0.000
33.510	0.000
33.520	0.000
33.530	0.000
33.540	0.000
33.550	0.000
33.560	0.000
33.570	0.000
33.580	0.000
33.590	0.000
33.600	0.000
33.610	0.000
33.620	0.000
33.630	0.000
33.640	0.000
33.650	0.000
33.660	0.000
33.670	0.000
33.680	0.000
33.690	0.000
33.700	0.000
33.710	0.000
33.720	0.000
33.730	0.000
33.740	0.000
33.750	0.000
33.760	0.000
33.770	0.000
33.780	0.000
33.790	0.000
33.800	0.000
33.810	0.000
33.820	0.000
33.830	0.000
33.840	0.000
33.850	0.000
33.860	0.000
33.870	0.000
33.880	0.000
33.890	0.000
33.900	0.000
33.910	0.000
33.920	0.000
33.930	0.000
33.940	0.000
33.950	0.000
33.960	0.000
33.970	0.000
33.980	0.000
33.990	0.000
34.000	0.000
34.010	0.000
34.020	0.000
34.030	0.000
34.040	0.000
34.050	0.000
34.060	0.000
34.070	0.000
34.080	0.000
34.090	0.000
34.100	0.000
34.110	0.000
34.120	0.000
34.130	0.000
34.140	0.000
34.150	0.000
34.160	0.000
34.170	0.000
34.180	0.000
34.190	0.000
34.200	0.000
34.210	0.000
34.220	0.000
34.230	0.000
34.240	0.000
34.250	0.000
34.260	0.000
34.270	0.000
34.280	0.000
34.290	0.000
34.300	0.000
34.310	0.000
34.320	0.000
34.330	0.000
34.340	0.000
34.350	0.000
34.360	0.000
34.370	0.000
34.380	0.000
34.390	0.000
34.400	0.000
34.410	0.000
34.420	0.000
34.430	0.000
34.440	0.000
34.450	0.000
34.460	0.000
34.470	0.000
34.480	0.000
34.490	0.000
34.500	0.000
34.510	0.000
34.520	0.000
34.530	0.000
34.540	0.000
34.550	0.000
34.560	0.000
34.570	0.000
34.580	0.000
34.590	0.000
34.600	0.000
34.610	0.000
34.620	0.000
34.630	0.000
34.640	0.000
34.650	0.000
34.660	0.000
34.670	0.000
34.680	0.000
34.690	0.000
34.700	0.000
34.710	0.000
34.720	0.000
34.730	0.000
34.740	0.000
34.750	0.000
34.760	0.000
34.770	0.000
34.780	0.000
34.790	0.000
34.800	0.000
34.810	0.000
34.820	0.000
34.830	0.000
34.840	0.000
34.850	0.000
34.860	0.000
34.870	0.000
34.880	0.000
34.890	0.000
34.900	0.000
34.910	0.000
34.920	0.000
34.930	0.000
34.940	0.000
34.950	0.000
34.960	0.000
34.970	0.000
34.980	0.000
34.990	0.000
35.000	0.000
35.010	0.000
35.020	0.000
35.030	0.000
35.040	0.000
35.050	0.000
35.060	0.000
35.070	0.000
35.080	0.000
35.090	0.000
35.100	0.000
35.110	0.000
35.120	0.000
35.130	0.000
35.140	0.000
35.150	0.000
35.160	0.000
35.170	0.000
35.180	0.000
35.190	0.000
35.200	0.000
35.210	0.000
35.220	0.000
35.230	0.000
35.240	0.000
35.250	0.000
35.260	0.000
35.270	0.000
35.280	0.000
35.290	0.000
35.300	0.000
35.310	0.000
35.320	0.000
35.330	0.000
35.340	0.000
35.350	0.000
35.360	0.000
35.370	0.000
35.380	0.000
35.390	0.000
35.400	0.000
35.410	0.000
35.420	0.000
35.430	0.000
35.440	0.000
35.450	0.000
35.460	0.000
35.470	0.000
35.480	0.000
35.490	0.000
35.500	0.000
35.510	0.000
35.520	0.000
35.530	0.000
35.540	0.000
35.550	0.000
35.560	0.000
35.570	0.000
35.580	0.000
35.590	0.000
35.600	0.000
35.610	0.000
35.620	0.000
35.630	0.000
35.640	0.000
35.650	0.000
35.660	0.000
35.670	0.000
35.680	0.000
35.690	0.000
35.700	0.000
35.710	0.000
35.720	0.000
35.730	0.000
35.740	0.000
35.750	0.000
35.760	0.000
35.770	0.000
35.780	0.000
35.790	0.000
35.800	0.000
35.810	0.000
35.820	0.000
35.830	0.000
35.840	0.000
35.850	0.000
35.860	0.000
35.870	0.000
35.880	0.000
35.890	0.000
35.900	0.000
35.910	0.000
35.920	0.000
35.930	0.000
35.940	0.000
35.950	0.000
35.960	0.000
35.970	0.000
35.980	0.000
35.990	0.000
36.000	0.000
36.010	0.000
36.020	0.000
36.030	0.000
36.040	0.000
36.050	0.000
36.060	0.000
36.070	0.000
36.080	0.000
36.090	0.000
36.100	0.000
36.110	0.000
36.120	0.000
36.130	0.000
36.140	0.000
36.150	0.000
36.160	0.000
36.170	0.000
36.180	0.000
36.190	0.000
36.200	0.000
36.210	0.000
36.220	0.000
36.230	0.000
36.240	0.000
36.250	0.000
36.260	0.000
36.270	0.000
36.280	0.000
36.290	0.000
36.300	0.000
36.310	0.000
36.320	0.000
36.330	0.000
36.340	0.000
36.350	0.000
36.360	0.000
36.370	0.000
36.380	0.000
36.390	0.000
36.400	0.000
36.410	0.000
36.420	0.000
36.430	0.000
36.440	0.000
36.450	0.000
36.460	0.000
36.470	0.000
36.480	0.000
36.490	0.000
36.500	0.000
36.510	0.000
36.520	0.000
36.530	0.000
36.540	0.000
36.550	0.000
36.560	0.000
36.570	0.000
36.580	0.000
36.590	0.000
36.600	0.000
36.610	0.000
36.620	0.000
36.630	0.000
36.640	0.000
36.650	0.000
36.660	0.000
36.670	0.000
36.680	0.000
36.690	0.000
36.700	0.000
36.710	0.000
36.720	0.000
36.730	0.000
36.740	0.000
36.750	0.000
36.760	0.000
36.770	0.000
36.780	0.000
36.790	0.000
36.800	0.000
36.810	0.000
36.820	0.000
36.830	0.000
36.840	0.000
36.850	0.000
36.860	0.000
36.870	0.000
36.880	0.000
36.890	0.000
36.900	0.000
36.910	0.000
36.920	0.000
36.930	0.000
36.940	0.000
36.950	0.000
36.960	0.000
36.970	0.000
36.980	0.000
36.990	0.000
37.000	0.000
37.010	0.000
37.020	0.000
37.030	0.000
37.040	0.000
37.050	0.000
37.060	0.000
37.070	0.000
37.080	0.000
37.090	0.000
37.100	0.000
37.110	0.000
37.120	0.000
37.130	0.000
37.140	0.000
37.150	0.000
37.160	0.000
37.170	0.000
37.180	0.000
37.190	0.000
37.200	0.000
37.210	0.000
37.220	0.000
37.230	0.000
37.240	0.000
37.250	0.000
37.260	0.000
37.270	0.000
37.280	0.000
37.290	0.000
37.300	0.000
37.310	0.000
37.320	0.000
37.330	0.000
37.340	0.000
37.350	0.000
37.360	0.000
37.370	0.000
37.380	0.000
37.390	0.000
37.400	0.000
37.410	0.000
37.420	0.000
37.430	0.000
37.440	0.000
37.450	0.000
37.460	0.000
37.470	0.000
37.480	0.000
37.490	0.000
37.500	0.000
37.510	0.000
37.520	0.000
37.530	0.000
37.540	0.000
37.550	0.000
37.560	0.000
37.570	0.000
37.580	0.000
37.590	0.000
37.600	0.000
37.610	0.000
37.620	0.000
37.630	0.000
37.640	0.000
37.650	0.000
37.660	0.000
37.670	0.000
37.680	0.000
37.690	0.000
37.700	0.000
37.710	0.000
37.720	0.000
37.730	0.000
37.740	0.000
37.750	0.000
37.760	0.000
37.770	0.000
37.780	0.000
37.790	0.000
37.800	0.000
37.810	0.000
37.820	0.000
37.830	0.000
37.840	0.000
37.850	0.000
37.860	0.000
37.870	0.000
37.880	0.000
37.890	0.000
37.900	0.000
37.910	0.000
37.920	0.000
37.930	0.000
37.940	0.000
37.950	0.000
37.960	0.000
37.970	0.000
37.980	0.000
37.990	0.000
38.000	0.000
38.010	0.000
38.020	0.000
38.030	0.000
38.040	0.000
38.050	0.000
38.060	0.000
38.070	0.000
38.080	0.000
38.090	0.000
38.100	0.000
38.110	0.000
38.120	0.000
38.130	0.000
38.140	0.000
38.150	0.000
38.160	0.000
38.170	0.000
38.180	0.000
38.190	0.000
38.200	0.000
38.210	0.000
38.220	0.000
38.230	0.000
38.240	0.000
38.250	0.000
38.260	0.000
38.270	0.000
38.280	0.000
38.290	0.000
38.300	0.000
38.310	0.000
38.320	0.000
38.330	0.000
38.340	0.000
38.350	0.000
38.360	0.000
38.370	0.000
38.380	0.000
38.390	0.000
38.400	0.000
38.410	0.000
38.420	0.000
38.430	0.000
38.440	0.000
38.450	0.000
38.460	0.000
38.470	0.000
38.480	0.000
38.490	0.000
38.500	0.000
38.510	0.000
38.520	0.000
38.530	0.000
38.540	0.000
38.550	0.000
38.560	0.000
38.570	0.000
38.580	0.000
38.590	0.000
38.600	0.000
38.610	0.000
38.620	0.000
38.630	0.000
38.640	0.000
38.650	0.000
38.660	0.000
38.670	0.000
38.680	0.000
38.690	0.000
38.700	0.000
38.710	0.000
38.720	0.000
38.730	0.000
38.740	0.000
38.750	0.000
38.760	0.000
38.770	0.000
38.780	0.000
38.790	0.000
38.800	0.000
38.810	0.000
38.820	0.000
38.830	0.000
38.840	0.000
38.850	0.000
38.860	0.000
38.870	0.000
38.880	0.000
38.890	0.000
38.900	0.000
38.910	0.000
38.920	0.000
38.930	0.000
38.940	0.000
38.950	0.000
38.960	0.000
38.970	0.000
38.980	0.000
38.990	0.000
39.000	0.000
39.010	0.000
39.020	0.000
39.030	0.000
39.040	0.000
39.050	0.000
39.060	0.000
39.070	0.000
39.080	0.000
39.090	0.000
39.100	0.000
39.110	0.000
39.120	0.000
39.130	0.000
39.140	0.000
39.150	0.000
39.160	0.000
39.170	0.000
39.180	0.000
39.190	0.000
39.200	0.000
39.210	0.000
39.220	0.000
39.230	0.000
39.240	0.000
39.250	0.000
39.260	0.000
39.270	0.000
39.280	0.000
39.290	0.000
39.300	0.000
39.310	0.000
39.320	0.000
39.330	0.000
39.340	0.000
39.350	0.000
39.360	0.000
39.370	0.000
39.380	0.000
39.390	0.000
39.400	0.000
39.410	0.000
39.420	0.000
39.430	0.000
39.440	0.000
39.450	0.000
39.460	0.000
39.470	0.000
39.480	0.000
39.490	0.000
39.500	0.000
39.510	0.000
39.520	0.000
39.530	0.000
39.540	0.000
39.550	0.000
39.560	0.000
39.570	0.000
39.580	0.000
39.590	0.000
39.600	0.000
39.610	0.000
39.620	0.000
39.630	0.000
39.640	0.000
39.650	0.000
39.660	0.000
39.670	0.000
39.680	0.000
39.690	0.000
39.700	0.000
39.710	0.000
39.720	0.000
39.730	0.000
39.740	0.000
39.750	0.000
39.760	0.000
39.770	0.000
39.780	0.000
39.790	0.000
39.800	0.000
39.810	0.000
39.820	0.000
39.830	0.000
39.840	0.000
39.850	0.000
39.860	0.000
39.870	0.000
39.880	0.000
39.890	0.000
39.900	0.000
39.910	0.000
39.920	0.000
39.930	0.000
39.940	0.000
39.950	0.000
39.960	0.000
39.970	0.000
39.980	0.000
39.990	0.000
40.000	0.000
40.010	0.000
40.020	0.000
40.030	0.000
40.040	0.000
40.050	0.000
40.060	0.000
40.070	0.000
40.080	0.000
40.090	0.000
40.100	0.000
40.110	0.000
40.120	0.000
40.130	0.000
40.140	0.000
40.150	0.000
40.160	0.000
40.170	0.000
40.180	0.000
40.190	0.000
40.200	0.000
40.210	0.000
40.220	0.000
40.230	0.000
40.240	0.000
40.250	0.000
40.260	0.000
40.270	0.000
40.280	0.000
40.290	0.000
40.300	0.000
40.310	0.000
40.320	0.000
40.330	0.000
40.340	0.000
40.350	0.000
40.360	0.000
40.370	0.000
40.380	0.000
40.390	0.000
40.400	0.000
40.410	0.000
40.420	0.000
40.430	0.000
40.440	0.000
40.450	0.000
40.460	0.000
40.470	0.000
40.480	0.000
40.490	0.000
40.500	0.000
40.510	0.000
40.520	0.000
40.530	0.000
40.540	0.000
40.550	0.000
40.560	0.000
40.570	0.000
40.580	0.000
40.590	0.000
40.600	0.000
40.610	0.000
40.620	0.000
40.630	0.000
40.640	0.000
40.650	0.000
40.660	0.000
40.670	0.000
40.680	0.000
40.690	0.000
40.700	0.000
40.710	0.000
40.720	0.000
40.730	0.000
40.740	0.000
40.750	0.000
40.760	0.000
40.770	0.000
40.780	0.000
40.790	0.000
40.800	0.000
40.810	0.000
40.820	0.000
40.830	0.000
40.840	0.000
40.850	0.000
40.860	0.000
40.870	0.000
40.880	0.000
40.890	0.000
40.900	0.000
40.910	0.000
40.920	0.000
40.930	0.000
40.940	0.000
40.950	0.000
40.960	0.000
40.970	0.000
40.980	0.000
40.990	0.000
41.000	0.000
41.010	0.000
41.020	0.000
41.030	0.000
41.040	0.000
41.050	0.000
41.060	0.000
41.070	0.000
41.080	0.000
41.090	0.000
41.100	0.000
41.110	0.000
41.120	0.000
41.130	0.000
41.140	0.000
41.150	0.000
41.160	0.000
41.170	0.000
41.180	0.000
41.190	0.000
41.200	0.000
41.210	0.000
41.220	0.000
41.230	0.000
41.240	0.000
41.250	0.000
41.260	0.000
41.270	0.000
41.280	0.000
41.290	0.000
41.300	0.000
41.310	0.000
41.320	0.000
41.330	0.000
41.340	0.000
41.350	0.000
41.360	0.000
41.370	0.000
41.380	0.000
41.390	0.000
41.400	0.000
41.410	0.000
41.420	0.000
41.430	0.000
41.440	0.000
41.450	0.000
41.460	0.000
41.470	0.000
41.480	0.000
41.490	0.000
41.500	0.000
41.510	0.000
41.520	0.000
41.530	0.000
41.540	0.000
41.550	0.000
41.560	0.000
41.570	0.000
41.580	0.000
41.590	0.000
41.600	0.000
41.610	0.000
41.620	0.000
41.630	0.000
41.640	0.000
41.650	0.000
41.660	0.000
41.670	0.000
41.680	0.000
41.690	0.000
41.700	0.000
41.710	0.000
41.720	0.000
41.730	0.000
41.740	0.000
41.750	0.000
41.760	0.000
41.770	0.000
41.780	0.000
41.790	0.000
41.800	0.000
41.810	0.000
41.820	0.000
41.830	0.000
41.840	0.000
41.850	0.000
41.860	0.000
41.870	0.000
41.880	0.000
41.890	0.000
41.900	0.000
41.910	0.000
41.920	0.000
41.930	0.000
41.940	0.000
41.950	0.000
41.960	0.000
41.970	0.000
41.980	0.000
41.990	0.000
42.000	0.000
42.010	0.000
42.020	0.000
42.030	0.000
42.040	0.000
42.050	0.000
42.060	0.000
42.070	0.000
42.080	0.000
42.090	0.000
42.100	0.000
42.110	0.000
42.120	0.000
42.130	0.000
42.140	0.000
42.150	0.000
42.160	0.000
42.170	0.000
42.180	0.000
42.190	0.000
42.200	0.000
42.210	0.000
42.220	0.000
42.230	0.000
42.240	0.000
42.250	0.000
42.260	0.000
42.270	0.000
42.280	0.000
42.290	0.000
42.300	0.000
42.310	0.000
42.320	0.000
42.330	0.000
42.340	0.000
42.350	0.000
42.360	0.000
42.370	0.000
42.380	0.000
42.390	0.000
42.400	0.000
42.410	0.000
42.420	0.000
42.430	0.000
42.440	0.000
42.450	0.000
42.460	0.000
42.470	0.000
42.480	0.000
42.490	0.000
42.500	0.000
42.510	0.000
42.520	0.000
42.530	0.000
42.540	0.000
42.550	0.000
42.560	0.000
42.570	0.000
42.580	0.000
42.590	0.000
42.600	0.000
42.610	0.000
42.620	0.000
42.630	0.000
42.640	0.000
42.650	0.000
42.660	0.000
42.670	0.000
42.680	0.000
42.690	0.000
42.700	0.000
42.710	0.000
42.720	0.000
42.730	0.000
42.740	0.000
42.750	0.000
42.760	0.000
42.770	0.000
42.780	0.000
42.790	0.000
42.800	0.000
42.810	0.000
42.820	0.000
42.830	0.000
42.840	0.000
42.850	0.000
42.860	0.000
42.870	0.000
42.880	0.000
42.890	0.000
42.900	0.000
42.910	0.000
42.920	0.000
42.930	0.000
42.940	0.000
42.950	0.000
42.960	0.000
42.970	0.000
42.980	0.000
42.990	0.000
43.000	0.000
43.010	0.000
43.020	0.000
43.030	0.000
43.040	0.000
43.050	0.000
43.060	0.000
43.070	0.000
43.080	0.000
43.090	0.000
43.100	0.000
43.110	0.000
43.120	0.000
43.130	0.000
43.140	0.000
43.150	0.000
43.160	0.000
43.170	0.000
43.180	0.000
43.190	0.000
43.200	0.000
43.210	0.000
43.220	0.000
43.230	0.000
43.240	0.000
43.250	0.000
43.260	0.000
43.270	0.000
43.280	0.000
43.290	0.000
43.300	0.000
43.310	0.000
43.320	0.000
43.330	0.000
43.340	0.000
43.350	0.000
43.360	0.000
43.370	0.000
43.380	0.000
43.390	0.000
43.400	0.000
43.410	0.000
43.420	0.000
43.430	0.000
43.440	0.000
43.450	0.000
43.460	0.000
43.470	0.000
43.480	0.000
43.490	0.000
43.500	0.000
43.510	0.000
43.520	0.000
43.530	0.000
43.540	0.000
43.550	0.000
43.560	0.000
43.570	0.000
43.580	0.000
43.590	0.000
43.600	0.000
43.610	0.000
43.620	0.000
43.630	0.000
43.640	0.000
43.650	0.000
43.660	0.000
43.670	0.000
43.680	0.000
43.690	0.000
43.700	0.000
43.710	0.000
43.720	0.000
43.730	0.000
43.740	0.000
43.750	0.000
43.760	0.000
43.770	0.000
43.780	0.000
43.790	0.000
43.800	0.000
43.810	0.000
43.820	0.000
43.830	0.000
43.840	0.000
43.850	0.000
43.860	0.000
43.870	0.000
43.880	0.000
43.890	0.000
43.900	0.000
43.910	0.000
43.920	0.000
43.930	0.000
43.940	0.000
43.950	0.000
43.960	0.000
43.970	0.000
43.980	0.000
43.990	0.000
44.000	0.000
44.010	0.000
44.020	0.000
44.030	0.000
44.040	0.000
44.050	0.000
44.060	0.000
44.070	0.000
44.080	0.000
44.090	0.000
44.100	0.000
44.110	0.000
44.120	0.000
44.130	0.000
44.140	0.000
44.150	0.000
44.160	0.000
44.170	0.000
44.180	0.000
44.190	0.000
44.200	0.000
44.210	0.000
44.220	0.000
44.230	0.000
44.240	0.000
44.250	0.000
44.260	0.000
44.270	0.000
44.280	0.000
44.290	0.000
44.300	0.000
44.310	0.000
44.320	0.000
44.330	0.000
44.340	0.000
44.350	0.000
44.360	0.000
44.370	0.000
44.380	0.000
44.390	0.000
44.400	0.000
44.410	0.000
44.420	0.000
44.430	0.000
44.440	0.000
44.450	0.000
44.460	0.000
44.470	0.000
44.480	0.000
44.490	0.000
44.500	0.000
44.510	0.000
44.520	0.000
44.530	0.000
44.540	0.000
44.550	0.000
44.560	0.000
44.570	0.000
44.580	0.000
44.590	0.000
44.600	0.000
44.610	0.000
44.620	0.000
44.630	0.000
44.640	0.000
44.650	0.000
44.660	0.000
44.670	0.000
44.680	0.000
44.690	0.000
44.700	0.000
44.710	0.000
44.720	0.000
44.730	0.000
44.740	0.000
44.750	0.000
44.760	0.000
44.770	0.000
44.780	0.000
44.790	0.000
44.800	0.000
44.810	0.000
44.820	0.000
44.830	0.000
44.840	0.000
44.850	0.000
44.860	0.000
44.870	0.000
44.880	0.000
44.890	0.000
44.900	0.000
44.910	0.000
44.920	0.000
44.930	0.000
44.940	0.000
44.950	0.000
44.960	0.000
44.970	0.000
44.980	0.000
44.990	0.000
45.000	0.000
45.010	0.000
45.020	0.000
45.030	0.000
45.040	0.000
45.050	0.000
45.060	0.000
45.070	0.000
45.080	0.000
45.090	0.000
45.100	0.000
45.110	0.000
45.120	0.000
45.130	0.000
45.140	0.000
45.150	0.000
45.160	0.000
45.170	0.000
45.180	0.000
45.190	0.000
45.200	0.000
45.210	0.000
45.220	0.000
45.230	0.000
45.240	0.000
45.250	0.000
45.260	0.000
45.270	0.000
45.280	0.000
45.290	0.000
45.300	0.000
45.310	0.000
45.320	0.000
45.330	0.000
45.340	0.000
45.350	0.000
45.360	0.000
45.370	0.000
45.380	0.000
45.390	0.000
45.400	0.000
45.410	0.000
45.420	0.000
45.430	0.000
45.440	0.000
45.450	0.000
45.460	0.000
45.470	0.000
45.480	0.000
45.490	0.000
45.500	0.000
45.510	0.000
45.520	0.000
45.530	0.000
45.540	0.000
45.550	0.000
45.560	0.000
45.570	0.000
45.580	0.000
45.590	0.000
45.600	0.000
45.610	0.000
45.620	0.000
45.630	0.000
45.640	0.000
45.650	0.000
45.660	0.000
45.670	0.000
45.680	0.000
45.690	0.000
45.700	0.000
45.710	0.000
45.720	0.000
45.730	0.000
45.740	0.000
45.750	0.000
45.760	0.000
45.770	0.000
45.780	0.000
45.790	0.000
45.800	0.000
45.810	0.000
45.820	0.000
45.830	0.000
45.840	0.000
45.850	0.000
45.860	0.000
45.870	0.000
45.880	0.000
45.890	0.000
45.900	0.000
45.910	0.000
45.920	0.000
45.930	0.000
45.940	0.000
45.950	0.000
45.960	0.000
45.970	0.000
45.980	0.000
45.990	0.000
46.000	0.000
46.010	0.000
46.020	0.000
46.030	0.000
46.040	0.000
46.050	0.000
46.060	0.000
46.070	0.000
46.080	0.000
46.090	0.000
46.100	0.000
46.110	0.000
46.120	0.000
46.130	0.000
46.140	0.000
46.150	0.000
46.160	0.000
46.170	0.000
46.180	0.000
46.190	0.000
46.200	0.000
46.210	0.000
46.220	0.000
46.230	0.000
46.240	0.000
46.250	0.000
46.260	0.000
46.270	0.000
46.280	0.000
46.290	0.000
46.300	0.000
46.310	0.000
46.320	0.000
46.330	0.000
46.340	0.000
46.350	0.000
46.360	0.000
46.370	0.000
46.380	0.000
46.390	0.000
46.400	0.000
46.410	0.000
46.420	0.000
46.430	0.000
46.440	0.000
46.450	0.000
46.460	0.000
46.470	0.000
46.480	0.000
46.490	0.000
46.500	0.000
46.510	0.000
46.520	0.000
46.530	0.000
46.540	0.000
46.550	0.000
46.560	0.000
46.570	0.000
46.580	0.000
46.590	0.000
46.600	0.000
46.610	0.000
46.620	0.000
46.630	0.000
46.640	0.000
46.650	0.000
46.660	0.000
46.670	0.000
46.680	0.000
46.690	0.000
46.700	0.000
46.710	0.000
46.720	0.000
46.730	0.000
46.740	0.000
46.750	0.000
46.760	0.000
46.770	0.000
46.780	0.000
46.790	0.000
46.800	0.000
46.810	0.000
46.820	0.000
46.830	0.000
46.840	0.000
46.850	0.000
46.860	0.000
46.870	0.000
46.880	0.000
46.890	0.000
46.900	0.000
46.910	0.000
46.920	0.000
46.930	0.000
46.940	0.000
46.950	0.000
46.960	0.000
46.970	0.000
46.980	0.000
46.990	0.000
47.000	0.000
47.010	0.000
47.020	0.000
47.030	0.000
47.040	0.000
47.050	0.000
47.060	0.000
47.070	0.000
47.080	0.000
47.090	0.000
47.100	0.000
47.110	0.000
47.120	0.000
47.130	0.000
47.140	0.000
47.150	0.000
47.160	0.000
47.170	0.000
47.180	0.000
47.190	0.000
47.200	0.000
47.210	0.000
47.220	0.000
47.230	0.000
47.240	0.000
47.250	0.000
47.260	0.000
47.270	0.000
47.280	0.000
47.290	0.000
47.300	0.000
47.310	0.000
47.320	0.000
47.330	0.000
47.340	0.000
47.350	0.000
47.360	0.000
47.370	0.000
47.380	0.000
47.390	0.000
47.400	0.000
47.410	0.000
47.420	0.000
47.430	0.000
47.440	0.000
47.450	0.000
47.460	0.000
47.470	0.000
47.480	0.000
47.490	0.000
47.500	0.000
47.510	0.000
47.520	0.000
47.530	0.000
47.540	0.000
47.550	0.000
47.560	0.000
47.570	0.000
47.580	0.000
47.590	0.000
47.600	0.000
47.610	0.000
47.620	0.000
47.630	0.000
47.640	0.000
47.650	0.000
47.660	0.000
47.670	0.000
47.680	0.000
47.690	0.000
47.700	0.000
47.710	0.000
47.720	0.000
47.730	0.000
47.740	0.000
47.750	0.000
47.760	0.000
47.770	0.000
47.780	0.000
47.790	0.000
47.800	0.000
47.810	0.000
47.820	0.000
47.830	0.000
47.840	0.000
47.850	0.000
47.860	0.000
47.870	0.000
47.880	0.000
47.890	0.000
47.900	0.000
47.910	0.000
47.920	0.000
47.930	0.000
47.940	0.000
47.950	0.000
47.960	0.000
47.970	0.000
47.980	0.000
47.990	0.000
48.000	0.000
48.010	0.000
48.020	0.000
48.030	0.000
48.040	0.000
48.050	0.000
48.060	0.000
48.070	0.000
48.080	0.000
48.090	0.000
48.100	0.000
48.110	0.000
48.120	0.000
48.130	0.000
48.140	0.000
48.150	0.000
48.160	0.000
48.170	0.000
48.180	0.000
48.190	0.000
48.200	0.000
48.210	0.000
48.220	0.000
48.230	0.000
48.240	0.000
48.250	0.000
48.260	0.000
48.270	0.000
48.280	0.000
48.290	0.000
48.300	0.000
48.310	0.000
48.320	0.000
48.330	0.000
48.340	0.000
48.350	0.000
48.360	0.000
48.370	0.000
48.380	0.000
48.390	0.000
48.400	0.000
48.410	0.000
48.420	0.000
48.430	0.000
48.440	0.000
48.450	0.000
48.460	0.000
48.470	0.000
48.480	0.000
48.490	0.000
48.500	0.000
48.510	0.000
48.520	0.000
48.530	0.000
48.540	0.000
48.550	0.000
48.560	0.000
48.570	0.000
48.580	0.000
48.590	0.000
48.600	0.000
48.610	0.000
48.620	0.000
48.630	0.000
48.640	0.000
48.650	0.000
48.660	0.000
48.670	0.000
48.680	0.000
48.690	0.000
48.700	0.000
48.710	0.000
48.720	0.000
48.730	0.000
48.740	0.000
48.750	0.000
48.760	0.000
48.770	0.000
48.780	0.000
48.790	0.000
48.800	0.000
48.810	0.000
48.820	0.000
48.830	0.000
48.840	0.000
48.850	0.000
48.860	0.000
48.870	0.000
48.880	0.000
48.890	0.000
48.900	0.000
48.910	0.000
48.920	0.000
48.930	0.000
48.940	0.000
48.950	0.000
48.960	0.000
48.970	0.000
48.980	0.000
48.990	0.000
49.000	0.000
49.010	0.000
49.020	0.000
49.030	0.000
49.040	0.000
49.050	0.000
49.060	0.000
49.070	0.000
49.080	0.000
49.090	0.000
49.100	0.000
49.110	0.000
49.120	0.000
49.130	0.000
49.140	0.000
49.150	0.000
49.160	0.000
49.170	0.000
49.180	0.000
49.190	0.000
49.200	0.000
49.210	0.000
49.220	0.000
49.230	0.000
49.240	0.000
49.250	0.000
49.260	0.000
49.270	0.000
49.280	0.000
49.290	0.000
49.300	0.000
49.310	0.000
49.320	0.000
49.330	0.000
49.340	0.000
49.350	0.000
49.360	0.000
49.370	0.000
49.380	0.000
49.390	0.000
49.400	0.000
49.410	0.000
49.420	0.000
49.430	0.000
49.440	0.000
49.450	0.000
49.460	0.000
49.470	0.000
49.480	0.000
49.490	0.000
49.500	0.000
49.510	0.000
49.520	0.000
49.530	0.000
49.540	0.000
49.550	0.000
49.560	0.000
49.570	0.000
49.580	0.000
49.590	0.000
49.600	0.000
49.610	0.000
49.620	0.000
49.630	0.000
49.640	0.000
49.650	0.000
49.660	0.000
49.670	0.000
49.680	0.000
49.690	0.000
49.700	0.000
49.710	0.000
49.720	0.000
49.730	0.000
49.740	0.000
49.750	0.000
49.760	0.000
49.770	0.000
49.780	0.000
49.790	0.000
49.800	0.000
49.810	0.000
49.820	0.000
49.830	0.000
49.840	0.000
49.850	0.000
49.860	0.000
49.870	0.000
49.880	0.000
49.890	0.000
49.900	0.000
49.910	0.000
49.920	0.000
49.930	0.000
49.940	0.000
49.950	0.000
49.960	0.000
49.970	0.000
49.980	0.000
49.990	0.000
50.000	0.000
50.010	0.000
50.020	0.000
50.030	0.000
50.040	0.000
50.050	0.000
50.060	0.000
50.070	0.000
50.080	0.000
50.090	0.000
50.100	0.000
50.110	0.000
50.120	0.000
50.130	0.000
50.140	0.000
50.150	0.000
50.160	0.000
50.170	0.000
50.180	0.000
50.190	0.000
50.200	0.000
50.210	0.000
50.220	0.000
50.230	0.000
50.240	0.000
50.250	0.000
50.260	0.000
50.270	0.000
50.280	0.000
50.290	0.000
50.300	0.000
50.310	0.000
50.320	0.000
50.330	0.000
50.340	0.000
50.350	0.000
50.360	0.000
50.370	0.000
50.380	0.000
50.390	0.000
50.400	0.000
50.410	0.000
50.420	0.000
50.430	0.000
50.440	0.000
50.450	0.000
50.460	0.000
50.470	0.000
50.480	0.000
50.490	0.000
50.500	0.000
50.510	0.000
50.520	0.000
50.530	0.000
50.540	0.000
50.550	0.000
50.560	0.000
50.570	0.000
50.580	0.000
50.590	0.000
50.600	0.000
50.610	0.000
50.620	0.000
50.630	0.000
50.640	0.000
50.650	0.000
50.660	0.000
50.670	0.000
50.680	0.000
50.690	0.000
50.700	0.000
50.710	0.000
50.720	0.000
50.730	0.000
50.740	0.000
50.750	0.000
50.760	0.000
50.770	0.000
50.780	0.000
50.790	0.000
50.800	0.000
50.810	0.000
50.820	0.000
50.830	0.000
50.840	0.000
50.850	0.000
50.860	0.000
50.870	0.000
50.880	0.000
50.890	0.000
50.900	0.000
50.910	0.000
50.920	0.000
50.930	0.000
50.940	0.000
50.950	0.000
50.960	0.000
50.970	0.000
50.980	0.000
50.990	0.000
51.000	0.000
51.010	0.000
51.020	0.000
51.030	0.000
51.040	0.000
51.050	0.000
51.060	0.000
51.070	0.000
51.080	0.000
51.090	0.000
51.100	0.000
51.110	0.000
51.120	0.000
51.130	0.000
51.140	0.000
51.150	0.000
51.160	0.000
51.170	0.000
51.180	0.000
51.190	0.000
51.200	0.000
51.210	0.000
51.220	0.000
51.230	0.000
51.240	0.000
51.250	0.000
51.260	0.000
51.270	0.000
51.280	0.000
51.290	0.000
51.300	0.000
51.310	0.000
51.320	0.000
51.330	0.000
51.340	0.000
51.350	0.000
51.360	0.000
51.370	0.000
51.380	0.000
51.390	0.000
51.400	0.000
51.410	0.000
51.420	0.000
51.430	0.000
51.440	0.000
51.450	0.000
51.460	0.000
51.470	0.000
51.480	0.000
51.490	0.000
51.500	0.000
51.510	0.000
51.520	0.000
51.530	0.000
51.540	0.000
51.550	0.000
51.560	0.000
51.570	0.000
51.580	0.000
51.590	0.000
51.600	0.000
51.610	0.000
51.620	0.000
51.630	0.000
51.640	0.000
51.650	0.000
51.660	0.000
51.670	0.000
51.680	0.000
51.690	0.000
51.700	0.000
51.710	0.000
51.720	0.000
51.730	0.000
51.740	0.000
51.750	0.000
51.760	0.000
51.770	0.000
51.780	0.000
51.790	0.000
51.800	0.000
51.810	0.000
51.820	0.000
51.830	0.000
51.840	0.000
51.850	0.000
51.860	0.000
51.870	0.000
51.880	0.000
51.890	0.000
51.900	0.000
51.910	0.000
51.920	0.000
51.930	0.000
51.940	0.000
51.950	0.000
51.960	0.000
51.970	0.000
51.980	0.000
51.990	0.000
52.000	0.000
52.010	0.000
52.020	0.000
52.030	0.000
52.040	0.000
52.050	0.000
52.060	0.000
52.070	0.000
52.080	0.000
52.090	0.000
52.100	0.000
52.110	0.000
52.120	0.000
52.130	0.000
52.140	0.000
52.150	0.000
52.160	0.000
52.170	0.000
52.180	0.000
52.190	0.000
52.200	0.000
52.210	0.000
52.220	0.000
52.230	0.000
52.240	0.000
52.250	0.000
52.260	0.000
52.270	0.000
52.280	0.000
52.290	0.000
52.300	0.000
52.310	0.000
52.320	0.000
52.330	0.000
52.340	0.000
52.350	0.000
52.360	0.000
52.370	0.000
52.380	0.000
52.390	0.000
52.400	0.000
52.410	0.000
52.420	0.000
52.430	0.000
52.440	0.000
52.450	0.000
52.460	0.000
52.470	0.000
52.480	0.000
52.490	0.000
52.500	0.000
52.510	0.000
52.520	0.000
52.530	0.000
52.540	0.000
52.550	0.000
52.560	0.000
52.570	0.000
52.580	0.000
52.590	0.000
52.600	0.000
52.610	0.000
52.620	0.000
52.630	0.000
52.640	0.000
52.650	0.000
52.660	0.000
52.670	0.000
52.680	0.000
52.690	0.000
52.700	0.000
52.710	0.000
52.720	0.000
52.730	0.000
52.740	0.000
52.750	0.000
52.760	0.000
52.770	0.000
52.780	0.000
52.790	0.000
52.800	0.000
52.810	0.000
52.820	0.000
52.830	0.000
52.840	0.000
52.850	0.000
52.860	0.000
52.870	0.000
52.880	0.000
52.890	0.000
52.900	0.000
52.910	0.000
52.920	0.000
52.930	0.000
52.940	0.000
52.950	0.000
52.960	0.000
52.970	0.000
52.980	0.000
52.990	0.000
53.000	0.000
53.010	0.000
53.020	0.000
53.030	0.000
53.040	0.000
53.050	0.000
53.060	0.000
53.070	0.000
53.080	0.000
53.090	0.000
53.100	0.000
53.110	0.000
53.120	0.000
53.130	0.000
53.140	0.000
53.150	0.000
53.160	0.000
53.170	0.000
53.180	0.000
53.190	0.000
53.200	0.000
53.210	0.000
53.220	0.000
53.230	0.000
53.240	0.000
53.250	0.000
53.260	0.000
53.270	0.000
53.280	0.000
53.290	0.000
53.300	0.000
53.310	0.000
53.320	0.000
53.330	0.000
53.340	0.000
53.350	0.000
53.360	0.000
53.370	0.000
53.380	0.000
53.390	0.000
53.400	0.000
53.410	0.000
53.420	0.000
53.430	0.000
53.440	0.000
53.450	0.000
53.460	0.000
53.470	0.000
53.480	0.000
53.490	0.000
53.500	0.000
53.510	0.000
53.520	0.000
53.530	0.000
53.540	0.000
53.550	0.000
53.560	0.000
53.570	0.000
53.580	0.000
53.590	0.000
53.600	0.000
53.610	0.000
53.620	0.000
53.630	0.000
53.640	0.000
53.650	0.000
53.660	0.000
53.670	0.000
53.680	0.000
53.690	0.000
53.700	0.000
53.710	0.000
53.720	0.000
53.730	0.000
53.740	0.000
53.750	0.000
53.760	0.000
53.770	0.000
53.780	0.000
53.790	0.000
53.800	0.000
53.810	0.000
53.820	0.000
53.830	0.000
53.840	0.000
53.850	0.000
53.860	0.000
53.870	0.000
53.880	0.000
53.890	0.000
53.900	0.000
53.910	0.000
53.920	0.000
53.930	0.000
53.940	0.000
53.950	0.000
53.960	0.000
53.970	0.000
53.980	0.000
53.990	0.000
54.000	0.000
54.010	0.000
54.020	0.000
54.030	0.000
54.040	0.000
54.050	0.000
54.060	0.000
54.070	0.000
54.080	0.000
54.090	0.000
54.100	0.000
54.110	0.000
54.120	0.000
54.130	0.000
54.140	0.000
54.150	0.000
54.160	0.000
54.170	0.000
54.180	0.000
54.190	0.000
54.200	0.000
54.210	0.000
54.220	0.000
54.230	0.000
54.240	0.000
54.250	0.000
54.260	0.000
54.270	0.000
54.280	0.000
54.290	0.000
54.300	0.000
54.310	0.000
54.320	0.000
54.330	0.000
54.340	0.000
54.350	0.000
54.360	0.000
54.370	0.000
54.380	0.000
54.390	0.000
54.400	0.000
54.410	0.000
54.420	0.000
54.430	0.000
54.440	0.000
54.450	0.000
54.460	0.000
54.470	0.000
54.480	0.000
54.490	0.000
54.500	0.000
54.510	0.000
54.520	0.000
54.530	0.000
54.540	0.000
54.550	0.000
54.560	0.000
54.570	0.000
54.580	0.000
54.590	0.000
54.600	0.000
54.610	0.000
54.620	0.000
54.630	0.000
54.640	0.000
54.650	0.000
54.660	0.000
54.670	0.000
54.680	0.000
54.690	0.000
54.700	0.000
54.710	0.000
54.720	0.000
54.730	0.000
54.740	0.000
54.750	0.000
54.760	0.000
54.770	0.000
54.780	0.000
54.790	0.000
54.800	0.000
54.810	0.000
54.820	0.000
54.830	0.000
54.840	0.000
54.850	0.000
54.860	0.000
54.870	0.000
54.880	0.000
54.890	0.000
54.900	0.000
54.910	0.000
54.920	0.000
54.930	0.000
54.940	0.000
54.950	0.000
54.960	0.000
54.970	0.000
54.980	0.000
54.990	0.000
55.000	0.000
55.010	0.000
55.020	0.000
55.030	0.000
55.040	0.000
55.050	0.000
55.060	0.000
55.070	0.000
55.080	0.000
55.090	0.000
55.100	0.000
55.110	0.000
55.120	0.000
55.130	0.000
55.140	0.000
55.150	0.000
55.160	0.000
55.170	0.000
55.180	0.000
55.190	0.000
55.200	0.000
55.210	0.000
55.220	0.000
55.230	0.000
55.240	0.000
55.250	0.000
55.260	0.000
55.270	0.000
55.280	0.000
55.290	0.000
55.300	0.000
55.310	0.000
55.320	0.000
55.330	0.000
55.340	0.000
55.350	0.000
55.360	0.000
55.370	0.000
55.380	0.000
55.390	0.000
55.400	0.000
55.410	0.000
55.420	0.000
55.430	0.000
55.440	0.000
55.450	0.000
55.460	0.000
55.470	0.000
55.480	0.000
55.490	0.000
55.500	0.000
55.510	0.000
55.520	0.000
55.530	0.000
55.540	0.000
55.550	0.000
55.560	0.000
55.570	0.000
55.580	0.000
55.590	0.000
55.600	0.000
55.610	0.000
55.620	0.000
55.630	0.000
55.640	0.000
55.650	0.000
55.660	0.000
55.670	0.000
55.680	0.000
55.690	0.000
55.700	0.000
55.710	0.000
55.720	0.000
55.730	0.000
55.740	0.000
55.750	0.000
55.760	0.000
55.770	0.000
55.780	0.000
55.790	0.000
55.800	0.000
55.810	0.000
55.820	0.000
55.830	0.000
55.840	0.000
55.850	0.000
55.860	0.000
55.870	0.000
55.880	0.000
55.890	0.000
55.900	0.000
55.910	0.000
55.920	0.000
55.930	0.000
55.940	0.000
55.950	0.000
55.960	0.000
55.970	0.000
55.980	0.000
55.990	0.000
56.000	0.000
56.010	0.000
56.020	0.000
56.030	0.000
56.040	0.000
56.050	0.000
56.060	0.000
56.070	0.000
56.080	0.000
56.090	0.000
56.100	0.000
