%Time(s)	Speed(rpm)		
	%3/21/20175:38 PM
0.010	106.300
0.020	106.100
0.030	106.000
0.040	106.100
0.050	106.100
0.060	106.000
0.070	106.000
0.080	105.500
0.090	105.300
0.100	105.100
0.110	104.600
0.120	104.700
0.130	104.500
0.140	104.100
0.150	104.200
0.160	103.900
0.170	103.900
0.180	103.600
0.190	103.700
0.200	103.700
0.210	103.700
0.220	103.600
0.230	103.200
0.240	104.100
0.250	103.800
0.260	104.800
0.270	105.300
0.280	105.500
0.290	105.600
0.300	106.000
0.310	106.400
0.320	106.300
0.330	106.300
0.340	106.600
0.350	106.100
0.360	106.400
0.370	105.800
0.380	105.800
0.390	105.300
0.400	104.900
0.410	104.900
0.420	104.600
0.430	104.200
0.440	103.900
0.450	104.000
0.460	103.800
0.470	103.700
0.480	103.600
0.490	103.300
0.500	103.100
0.510	103.000
0.520	102.600
0.530	102.700
0.540	102.900
0.550	102.800
0.560	103.200
0.570	103.700
0.580	103.800
0.590	104.500
0.600	104.800
0.610	105.000
0.620	105.100
0.630	105.400
0.640	105.800
0.650	105.900
0.660	105.800
0.670	105.600
0.680	105.600
0.690	105.200
0.700	105.200
0.710	105.000
0.720	104.700
0.730	104.800
0.740	104.900
0.750	105.200
0.760	105.400
0.770	105.600
0.780	106.200
0.790	106.300
0.800	106.600
0.810	106.100
0.820	106.400
0.830	106.000
0.840	106.000
0.850	105.800
0.860	105.800
0.870	105.400
0.880	105.200
0.890	105.500
0.900	105.300
0.910	105.200
0.920	105.000
0.930	104.900
0.940	104.700
0.950	104.500
0.960	104.300
0.970	104.200
0.980	104.000
0.990	104.000
1.000	103.900
1.010	104.300
1.020	104.600
1.030	105.300
1.040	105.800
1.050	106.200
1.060	106.200
1.070	106.600
1.080	106.400
1.090	106.200
1.100	106.100
1.110	105.500
1.120	105.500
1.130	105.000
1.140	104.700
1.150	104.500
1.160	104.200
1.170	104.000
1.180	103.700
1.190	103.800
1.200	103.600
1.210	103.800
1.220	103.800
1.230	103.700
1.240	103.800
1.250	103.900
1.260	103.800
1.270	104.100
1.280	104.400
1.290	105.100
1.300	105.700
1.310	105.800
1.320	106.000
1.330	106.300
1.340	106.200
1.350	106.400
1.360	106.300
1.370	106.500
1.380	106.500
1.390	106.100
1.400	106.000
1.410	105.500
1.420	105.400
1.430	105.300
1.440	105.100
1.450	104.900
1.460	104.700
1.470	104.300
1.480	104.400
1.490	104.200
1.500	104.000
1.510	103.700
1.520	103.700
1.530	103.600
1.540	104.300
1.550	103.200
1.560	103.200
1.570	102.900
1.580	103.200
1.590	103.700
1.600	104.200
1.610	104.500
1.620	105.200
1.630	105.300
1.640	106.000
1.650	106.200
1.660	106.200
1.670	106.500
1.680	106.400
1.690	106.700
1.700	106.200
1.710	106.000
1.720	105.600
1.730	105.700
1.740	105.200
1.750	105.100
1.760	104.800
1.770	104.300
1.780	104.500
1.790	104.500
1.800	104.300
1.810	104.000
1.820	104.100
1.830	104.100
1.840	103.700
1.850	103.600
1.860	103.500
1.870	103.300
1.880	103.400
1.890	103.100
1.900	103.600
1.910	104.000
1.920	104.500
1.930	105.400
1.940	105.700
1.950	105.700
1.960	105.700
1.970	106.000
1.980	106.400
1.990	106.100
2.000	106.100
2.010	105.900
2.020	105.700
2.030	105.600
2.040	105.400
2.050	105.200
2.060	105.100
2.070	105.000
2.080	104.900
2.090	105.100
2.100	105.400
2.110	105.800
2.120	106.300
2.130	107.200
2.140	106.900
2.150	107.000
2.160	106.800
2.170	106.400
2.180	106.300
2.190	106.100
2.200	105.800
2.210	105.800
2.220	105.500
2.230	105.400
2.240	105.100
2.250	105.000
2.260	105.200
2.270	104.800
2.280	104.600
2.290	104.400
2.300	104.000
2.310	104.100
2.320	103.600
2.330	103.000
2.340	104.300
2.350	102.900
2.360	102.700
2.370	102.800
2.380	102.600
2.390	102.800
2.400	102.400
2.410	102.600
2.420	103.400
2.430	104.000
2.440	104.700
2.450	105.400
2.460	105.400
2.470	105.500
2.480	105.800
2.490	105.500
2.500	105.400
2.510	105.400
2.520	105.300
2.530	105.400
2.540	105.500
2.550	105.900
2.560	105.700
2.570	106.100
2.580	106.200
2.590	105.800
2.600	105.900
2.610	106.000
2.620	106.100
2.630	105.800
2.640	105.900
2.650	105.600
2.660	106.100
2.670	106.100
2.680	106.200
2.690	106.400
2.700	105.900
2.710	107.100
2.720	106.300
2.730	106.200
2.740	105.900
2.750	105.600
2.760	105.400
2.770	105.400
2.780	105.100
2.790	104.600
2.800	104.600
2.810	104.400
2.820	103.900
2.830	104.100
2.840	103.600
2.850	103.900
2.860	104.100
2.870	103.800
2.880	103.900
2.890	104.000
2.900	104.200
2.910	104.400
2.920	104.900
2.930	105.100
2.940	105.100
2.950	105.700
2.960	105.800
2.970	106.100
2.980	106.500
2.990	106.700
3.000	106.700
3.010	106.600
3.020	106.400
3.030	106.000
3.040	105.100
3.050	103.600
3.060	103.100
3.070	100.500
3.080	98.200
3.090	95.200
3.100	91.700
3.110	88.600
3.120	85.900
3.130	83.100
3.140	78.500
3.150	74.400
3.160	69.400
3.170	66.300
3.180	62.200
3.190	56.900
3.200	52.700
3.210	49.100
3.220	45.100
3.230	41.000
3.240	36.200
3.250	32.800
3.260	29.300
3.270	26.500
3.280	23.100
3.290	19.300
3.300	17.200
3.310	15.000
3.320	15.000
3.330	15.000
3.340	15.000
3.350	11.700
3.360	9.600
3.370	8.800
3.380	8.900
3.390	12.800
3.400	16.600
3.410	18.800
3.420	20.900
3.430	21.700
3.440	22.400
3.450	23.100
3.460	23.300
3.470	23.400
3.480	23.400
3.490	23.400
3.500	23.200
3.510	23.200
3.520	23.100
3.530	23.100
3.540	23.100
3.550	23.000
3.560	22.900
3.570	22.800
3.580	22.800
3.590	22.800
3.600	22.800
3.610	22.600
3.620	22.500
3.630	22.500
3.640	22.500
3.650	22.500
3.660	22.400
3.670	22.300
3.680	22.300
3.690	22.300
3.700	22.200
3.710	22.100
3.720	22.000
3.730	22.000
3.740	21.900
3.750	21.800
3.760	21.800
3.770	21.700
3.780	21.600
3.790	21.600
3.800	21.600
3.810	21.500
3.820	21.400
3.830	21.400
3.840	21.300
3.850	21.200
3.860	21.200
3.870	21.200
3.880	21.100
3.890	21.000
3.900	21.000
3.910	20.900
3.920	20.900
3.930	20.800
3.940	20.800
3.950	20.700
3.960	20.600
3.970	20.600
3.980	20.500
3.990	20.500
4.000	20.500
4.010	20.400
4.020	20.400
4.030	20.400
4.040	20.400
4.050	20.300
4.060	20.200
4.070	20.100
4.080	20.000
4.090	19.900
4.100	19.900
4.110	19.900
4.120	19.900
4.130	19.800
4.140	19.700
4.150	19.700
4.160	19.600
4.170	19.600
4.180	19.500
4.190	19.500
4.200	19.400
4.210	19.400
4.220	19.300
4.230	19.200
4.240	19.200
4.250	19.100
4.260	19.100
4.270	19.000
4.280	18.900
4.290	18.800
4.300	18.800
4.310	18.700
4.320	18.700
4.330	18.600
4.340	18.600
4.350	18.600
4.360	18.600
4.370	18.500
4.380	18.400
4.390	18.200
4.400	18.100
4.410	18.100
4.420	18.000
4.430	18.000
4.440	17.900
4.450	17.800
4.460	17.800
4.470	17.700
4.480	17.700
4.490	17.600
4.500	17.600
4.510	17.500
4.520	17.400
4.530	17.400
4.540	17.300
4.550	17.300
4.560	17.200
4.570	17.100
4.580	17.100
4.590	17.000
4.600	16.900
4.610	16.900
4.620	16.800
4.630	16.800
4.640	16.700
4.650	16.700
4.660	16.600
4.670	16.500
4.680	16.500
4.690	16.400
4.700	16.400
4.710	16.300
4.720	16.300
4.730	16.200
4.740	16.200
4.750	16.100
4.760	16.000
4.770	16.000
4.780	15.900
4.790	15.900
4.800	15.900
4.810	15.800
4.820	15.700
4.830	15.700
4.840	15.600
4.850	15.600
4.860	15.500
4.870	15.500
4.880	15.400
4.890	15.400
4.900	15.300
4.910	15.200
4.920	15.200
4.930	15.100
4.940	15.000
4.950	15.000
4.960	14.900
4.970	14.900
4.980	14.800
4.990	14.800
5.000	14.700
5.010	14.700
5.020	14.600
5.030	14.500
5.040	14.500
5.050	14.400
5.060	14.400
5.070	14.300
5.080	14.200
5.090	14.200
5.100	14.100
5.110	14.100
5.120	14.000
5.130	13.900
5.140	13.900
5.150	13.800
5.160	13.800
5.170	13.700
5.180	13.600
5.190	13.600
5.200	13.500
5.210	13.400
5.220	13.300
5.230	13.300
5.240	13.300
5.250	13.200
5.260	13.100
5.270	13.100
5.280	13.000
5.290	12.900
5.300	12.900
5.310	12.800
5.320	12.700
5.330	12.700
5.340	12.600
5.350	12.500
5.360	12.500
5.370	12.400
5.380	12.400
5.390	12.300
5.400	12.300
5.410	12.200
5.420	12.200
5.430	12.100
5.440	12.000
5.450	12.000
5.460	11.900
5.470	11.800
5.480	11.700
5.490	11.700
5.500	11.600
5.510	11.600
5.520	11.500
5.530	11.400
5.540	11.400
5.550	11.300
5.560	11.300
5.570	11.200
5.580	11.200
5.590	11.100
5.600	11.000
5.610	10.900
5.620	10.900
5.630	10.800
5.640	10.800
5.650	10.700
5.660	10.700
5.670	10.600
5.680	10.600
5.690	10.500
5.700	10.500
5.710	10.400
5.720	10.300
5.730	10.200
5.740	10.100
5.750	10.100
5.760	10.000
5.770	10.000
5.780	10.000
5.790	9.900
5.800	9.900
5.810	9.800
5.820	9.700
5.830	9.700
5.840	9.600
5.850	9.500
5.860	9.500
5.870	9.400
5.880	9.400
5.890	9.400
5.900	9.300
5.910	9.300
5.920	9.200
5.930	9.200
5.940	9.100
5.950	9.000
5.960	9.000
5.970	8.900
5.980	8.900
5.990	8.800
6.000	8.800
6.010	8.800
6.020	8.700
6.030	8.600
6.040	8.600
6.050	8.500
6.060	8.400
6.070	8.400
6.080	8.400
6.090	8.300
6.100	8.300
6.110	8.200
6.120	8.100
6.130	8.100
6.140	8.100
6.150	8.000
6.160	7.900
6.170	7.900
6.180	7.800
6.190	7.800
6.200	7.700
6.210	7.700
6.220	7.600
6.230	7.600
6.240	7.500
6.250	7.500
6.260	7.400
6.270	7.400
6.280	7.300
6.290	7.300
6.300	7.200
6.310	7.200
6.320	7.100
6.330	7.100
6.340	7.100
6.350	7.000
6.360	6.900
6.370	6.900
6.380	6.800
6.390	6.800
6.400	6.800
6.410	6.700
6.420	6.600
6.430	6.600
6.440	6.500
6.450	6.500
6.460	6.500
6.470	6.400
6.480	6.300
6.490	6.300
6.500	6.200
6.510	6.200
6.520	6.100
6.530	6.000
6.540	6.000
6.550	5.900
6.560	5.900
6.570	5.800
6.580	5.700
6.590	5.700
6.600	5.600
6.610	5.600
6.620	5.500
6.630	5.500
6.640	5.400
6.650	5.400
6.660	5.300
6.670	5.300
6.680	5.200
6.690	5.200
6.700	5.100
6.710	5.100
6.720	5.000
6.730	5.000
6.740	4.900
6.750	4.900
6.760	4.700
6.770	4.700
6.780	4.600
6.790	4.600
6.800	4.600
6.810	4.500
6.820	4.500
6.830	4.300
6.840	4.300
6.850	4.300
6.860	4.200
6.870	4.200
6.880	4.000
6.890	4.000
6.900	4.000
6.910	3.800
6.920	3.800
6.930	3.800
6.940	3.700
6.950	3.700
6.960	3.700
6.970	3.500
6.980	3.500
6.990	3.500
7.000	3.300
7.010	3.300
7.020	3.300
7.030	3.300
7.040	3.100
7.050	3.100
7.060	3.100
7.070	3.100
7.080	2.900
7.090	2.900
7.100	2.900
7.110	2.900
7.120	2.900
7.130	2.600
7.140	2.600
7.150	2.600
7.160	2.600
7.170	2.600
7.180	2.600
7.190	2.300
7.200	2.300
7.210	2.300
7.220	2.300
7.230	2.300
7.240	2.300
7.250	2.300
7.260	2.300
7.270	2.300
7.280	2.300
7.290	2.300
7.300	1.900
7.310	1.900
7.320	1.900
7.330	1.900
7.340	1.900
7.350	1.900
7.360	1.900
7.370	1.900
7.380	1.900
7.390	1.900
7.400	1.900
7.410	1.900
7.420	1.900
7.430	1.900
7.440	1.900
7.450	1.900
7.460	0.000
7.470	0.000
7.480	0.000
7.490	0.000
7.500	0.000
7.510	0.000
7.520	0.000
7.530	0.000
7.540	0.000
7.550	0.000
7.560	0.000
7.570	0.000
7.580	0.000
7.590	0.000
7.600	0.000
7.610	0.000
7.620	0.000
7.630	0.000
7.640	0.000
7.650	0.000
7.660	0.000
7.670	0.000
7.680	0.000
7.690	0.000
7.700	0.000
7.710	0.000
7.720	0.000
7.730	0.000
7.740	0.000
7.750	0.000
7.760	0.000
7.770	0.000
7.780	0.000
7.790	0.000
7.800	0.000
7.810	0.000
7.820	0.000
7.830	0.000
7.840	0.000
7.850	0.000
7.860	0.000
7.870	0.000
7.880	0.000
7.890	0.000
7.900	0.000
7.910	0.000
7.920	0.000
7.930	0.000
7.940	0.000
7.950	0.000
7.960	0.000
7.970	0.000
7.980	0.000
7.990	0.000
8.000	0.000
8.010	0.000
8.020	0.000
8.030	0.000
8.040	0.000
8.050	0.000
8.060	0.000
8.070	0.000
8.080	0.000
8.090	0.000
8.100	0.000
8.110	0.000
8.120	0.000
8.130	0.000
8.140	0.000
8.150	0.000
8.160	0.000
8.170	0.000
8.180	0.000
8.190	0.000
8.200	0.000
8.210	0.000
8.220	0.000
8.230	0.000
8.240	0.000
8.250	0.000
8.260	0.000
8.270	0.000
8.280	0.000
8.290	0.000
8.300	0.000
8.310	0.000
8.320	0.000
8.330	0.000
8.340	0.000
8.350	0.000
8.360	0.000
8.370	0.000
8.380	0.000
8.390	0.000
8.400	0.000
8.410	0.000
8.420	0.000
8.430	0.000
8.440	0.000
8.450	0.000
8.460	0.000
8.470	0.000
8.480	0.000
8.490	0.000
8.500	0.000
8.510	0.000
8.520	0.000
8.530	0.000
8.540	0.000
8.550	0.000
8.560	0.000
8.570	0.000
8.580	0.000
8.590	0.000
8.600	0.000
8.610	0.000
8.620	0.000
8.630	0.000
8.640	0.000
8.650	0.000
8.660	0.000
8.670	0.000
8.680	0.000
8.690	0.000
8.700	0.000
8.710	0.000
8.720	0.000
8.730	0.000
8.740	0.000
8.750	0.000
8.760	0.000
8.770	0.000
8.780	0.000
8.790	0.000
8.800	0.000
8.810	0.000
8.820	0.000
8.830	0.000
8.840	0.000
8.850	0.000
8.860	0.000
8.870	0.000
8.880	0.000
8.890	0.000
8.900	0.000
8.910	0.000
8.920	0.000
8.930	0.000
8.940	0.000
8.950	0.000
8.960	0.000
8.970	0.000
8.980	0.000
8.990	0.000
9.000	0.000
9.010	0.000
9.020	0.000
9.030	0.000
9.040	0.000
9.050	0.000
9.060	0.000
9.070	0.000
9.080	0.000
9.090	0.000
9.100	0.000
9.110	0.000
9.120	0.000
9.130	0.000
9.140	0.000
9.150	0.000
9.160	0.000
9.170	0.000
9.180	0.000
9.190	0.000
9.200	0.000
9.210	0.000
9.220	0.000
9.230	0.000
9.240	0.000
9.250	0.000
9.260	0.000
9.270	0.000
9.280	0.000
9.290	0.000
9.300	0.000
9.310	0.000
9.320	0.000
9.330	0.000
9.340	0.000
9.350	0.000
9.360	0.000
9.370	0.000
9.380	0.000
9.390	0.000
9.400	0.000
9.410	0.000
9.420	0.000
9.430	0.000
9.440	0.000
9.450	0.000
9.460	0.000
9.470	0.000
9.480	0.000
9.490	0.000
9.500	0.000
9.510	0.000
9.520	0.000
9.530	0.000
9.540	0.000
9.550	0.000
9.560	0.000
9.570	0.000
9.580	0.000
9.590	0.000
9.600	0.000
9.610	0.000
9.620	0.000
9.630	0.000
9.640	0.000
9.650	0.000
9.660	0.000
9.670	0.000
