%Time(s)	Speed(rpm)		
	%3/21/20174:53 PM
0.010	107.500
0.020	107.500
0.030	107.400
0.040	107.200
0.050	107.200
0.060	107.400
0.070	107.000
0.080	107.600
0.090	107.500
0.100	107.900
0.110	108.100
0.120	108.800
0.130	109.100
0.140	109.300
0.150	108.900
0.160	109.100
0.170	109.400
0.180	109.500
0.190	109.700
0.200	110.400
0.210	109.800
0.220	109.800
0.230	110.100
0.240	110.000
0.250	109.900
0.260	109.700
0.270	109.700
0.280	109.600
0.290	109.500
0.300	109.400
0.310	109.400
0.320	109.200
0.330	109.000
0.340	108.900
0.350	109.100
0.360	108.900
0.370	108.200
0.380	108.300
0.390	108.100
0.400	108.200
0.410	108.200
0.420	108.200
0.430	108.100
0.440	108.000
0.450	108.400
0.460	108.900
0.470	109.000
0.480	109.500
0.490	109.400
0.500	109.800
0.510	110.000
0.520	109.800
0.530	109.800
0.540	109.200
0.550	109.600
0.560	109.200
0.570	109.000
0.580	108.800
0.590	109.000
0.600	108.800
0.610	109.100
0.620	109.100
0.630	109.400
0.640	109.000
0.650	109.100
0.660	109.100
0.670	109.000
0.680	108.700
0.690	108.500
0.700	108.700
0.710	108.900
0.720	109.000
0.730	109.300
0.740	109.500
0.750	109.900
0.760	110.100
0.770	110.000
0.780	110.200
0.790	110.300
0.800	109.700
0.810	109.500
0.820	109.400
0.830	108.900
0.840	109.100
0.850	108.700
0.860	108.200
0.870	107.800
0.880	107.800
0.890	107.500
0.900	107.400
0.910	107.200
0.920	106.900
0.930	106.800
0.940	106.500
0.950	106.400
0.960	105.700
0.970	106.600
0.980	106.400
0.990	106.900
1.000	107.400
1.010	107.600
1.020	108.400
1.030	108.800
1.040	109.100
1.050	109.200
1.060	109.900
1.070	109.400
1.080	109.400
1.090	109.300
1.100	109.300
1.110	109.200
1.120	109.200
1.130	109.200
1.140	109.300
1.150	109.500
1.160	109.700
1.170	109.700
1.180	109.800
1.190	110.400
1.200	109.800
1.210	110.200
1.220	110.100
1.230	109.800
1.240	109.600
1.250	109.400
1.260	109.100
1.270	109.100
1.280	108.700
1.290	108.300
1.300	108.000
1.310	107.700
1.320	107.700
1.330	107.500
1.340	107.500
1.350	107.100
1.360	107.200
1.370	106.800
1.380	106.600
1.390	106.400
1.400	106.100
1.410	106.000
1.420	106.500
1.430	106.600
1.440	106.800
1.450	107.800
1.460	108.300
1.470	108.800
1.480	108.900
1.490	109.800
1.500	109.400
1.510	109.300
1.520	109.300
1.530	109.400
1.540	109.200
1.550	109.200
1.560	109.200
1.570	109.200
1.580	109.200
1.590	109.100
1.600	109.100
1.610	109.000
1.620	109.100
1.630	109.000
1.640	109.500
1.650	109.800
1.660	109.700
1.670	109.900
1.680	109.700
1.690	109.600
1.700	109.700
1.710	109.400
1.720	109.000
1.730	108.600
1.740	108.800
1.750	108.800
1.760	108.800
1.770	109.000
1.780	108.900
1.790	108.800
1.800	109.000
1.810	108.700
1.820	108.600
1.830	108.700
1.840	108.500
1.850	108.900
1.860	109.200
1.870	109.200
1.880	109.700
1.890	109.600
1.900	110.000
1.910	110.000
1.920	110.300
1.930	110.000
1.940	109.900
1.950	109.700
1.960	109.900
1.970	109.300
1.980	109.000
1.990	108.900
2.000	108.700
2.010	108.500
2.020	108.300
2.030	108.100
2.040	108.100
2.050	107.200
2.060	107.500
2.070	107.600
2.080	107.700
2.090	107.200
2.100	107.100
2.110	106.900
2.120	106.700
2.130	106.600
2.140	106.400
2.150	106.400
2.160	106.600
2.170	107.300
2.180	107.600
2.190	108.000
2.200	108.300
2.210	108.800
2.220	108.800
2.230	109.200
2.240	108.800
2.250	108.700
2.260	108.500
2.270	108.600
2.280	108.500
2.290	108.300
2.300	108.500
2.310	108.500
2.320	108.700
2.330	109.100
2.340	109.200
2.350	109.300
2.360	109.600
2.370	109.900
2.380	109.900
2.390	109.800
2.400	109.800
2.410	109.800
2.420	109.700
2.430	109.300
2.440	109.300
2.450	109.100
2.460	109.100
2.470	108.900
2.480	108.600
2.490	108.700
2.500	108.700
2.510	108.200
2.520	108.000
2.530	108.000
2.540	107.400
2.550	107.800
2.560	107.500
2.570	107.200
2.580	107.000
2.590	107.400
2.600	107.200
2.610	107.600
2.620	108.100
2.630	108.500
2.640	108.500
2.650	109.100
2.660	109.000
2.670	109.000
2.680	108.900
2.690	109.000
2.700	108.800
2.710	108.700
2.720	108.400
2.730	108.700
2.740	108.700
2.750	108.800
2.760	109.000
2.770	109.200
2.780	109.200
2.790	109.100
2.800	109.100
2.810	109.000
2.820	109.000
2.830	108.800
2.840	108.800
2.850	108.700
2.860	108.700
2.870	108.600
2.880	108.700
2.890	108.700
2.900	108.600
2.910	108.600
2.920	108.900
2.930	109.000
2.940	108.700
2.950	108.600
2.960	108.500
2.970	108.400
2.980	108.700
2.990	108.300
3.000	108.000
3.010	108.000
3.020	107.800
3.030	107.500
3.040	107.300
3.050	106.600
3.060	105.800
3.070	104.200
3.080	101.600
3.090	99.000
3.100	96.500
3.110	93.200
3.120	90.100
3.130	85.800
3.140	81.800
3.150	77.800
3.160	73.600
3.170	68.700
3.180	64.400
3.190	60.200
3.200	55.600
3.210	51.500
3.220	47.100
3.230	42.500
3.240	38.300
3.250	34.700
3.260	30.700
3.270	26.500
3.280	23.300
3.290	21.500
3.300	17.500
3.310	15.000
3.320	15.000
3.330	15.000
3.340	15.000
3.350	11.600
3.360	9.400
3.370	8.500
3.380	9.700
3.390	12.500
3.400	16.400
3.410	18.900
3.420	21.300
3.430	22.300
3.440	23.000
3.450	23.400
3.460	24.000
3.470	24.200
3.480	24.300
3.490	24.300
3.500	24.100
3.510	24.000
3.520	23.900
3.530	24.000
3.540	24.000
3.550	23.900
3.560	23.800
3.570	23.700
3.580	23.700
3.590	23.700
3.600	23.600
3.610	23.500
3.620	23.500
3.630	23.500
3.640	23.400
3.650	23.300
3.660	23.300
3.670	23.300
3.680	23.200
3.690	23.100
3.700	23.100
3.710	23.100
3.720	23.000
3.730	22.900
3.740	22.900
3.750	22.900
3.760	22.800
3.770	22.800
3.780	22.700
3.790	22.700
3.800	22.600
3.810	22.600
3.820	22.500
3.830	22.500
3.840	22.400
3.850	22.300
3.860	22.300
3.870	22.300
3.880	22.300
3.890	22.200
3.900	22.100
3.910	22.000
3.920	22.000
3.930	22.000
3.940	22.000
3.950	21.900
3.960	21.800
3.970	21.800
3.980	21.800
3.990	21.800
4.000	21.600
4.010	21.500
4.020	21.400
4.030	21.400
4.040	21.300
4.050	21.300
4.060	21.200
4.070	21.100
4.080	21.100
4.090	21.000
4.100	21.000
4.110	20.900
4.120	20.900
4.130	20.800
4.140	20.700
4.150	20.700
4.160	20.600
4.170	20.500
4.180	20.500
4.190	20.400
4.200	20.300
4.210	20.300
4.220	20.200
4.230	20.100
4.240	20.100
4.250	20.000
4.260	19.900
4.270	19.800
4.280	19.800
4.290	19.700
4.300	19.700
4.310	19.600
4.320	19.500
4.330	19.500
4.340	19.400
4.350	19.400
4.360	19.300
4.370	19.300
4.380	19.200
4.390	19.100
4.400	19.100
4.410	19.000
4.420	19.000
4.430	19.000
4.440	18.900
4.450	18.900
4.460	18.800
4.470	18.700
4.480	18.700
4.490	18.600
4.500	18.600
4.510	18.500
4.520	18.400
4.530	18.300
4.540	18.300
4.550	18.200
4.560	18.200
4.570	18.100
4.580	18.100
4.590	18.000
4.600	18.000
4.610	17.900
4.620	17.800
4.630	17.800
4.640	17.800
4.650	17.700
4.660	17.700
4.670	17.700
4.680	17.600
4.690	17.500
4.700	17.500
4.710	17.400
4.720	17.400
4.730	17.300
4.740	17.200
4.750	17.200
4.760	17.200
4.770	17.100
4.780	17.000
4.790	17.000
4.800	17.000
4.810	16.900
4.820	16.800
4.830	16.700
4.840	16.700
4.850	16.600
4.860	16.600
4.870	16.500
4.880	16.500
4.890	16.400
4.900	16.400
4.910	16.300
4.920	16.300
4.930	16.200
4.940	16.100
4.950	16.000
4.960	16.000
4.970	15.900
4.980	15.900
4.990	15.800
5.000	15.700
5.010	15.700
5.020	15.600
5.030	15.600
5.040	15.500
5.050	15.500
5.060	15.400
5.070	15.300
5.080	15.200
5.090	15.100
5.100	15.100
5.110	15.000
5.120	15.000
5.130	14.900
5.140	14.900
5.150	14.800
5.160	14.800
5.170	14.700
5.180	14.600
5.190	14.500
5.200	14.500
5.210	14.400
5.220	14.400
5.230	14.300
5.240	14.200
5.250	14.200
5.260	14.100
5.270	14.000
5.280	14.000
5.290	14.000
5.300	13.900
5.310	13.800
5.320	13.800
5.330	13.700
5.340	13.700
5.350	13.600
5.360	13.600
5.370	13.500
5.380	13.400
5.390	13.400
5.400	13.300
5.410	13.300
5.420	13.300
5.430	13.200
5.440	13.100
5.450	13.100
5.460	13.000
5.470	13.000
5.480	12.900
5.490	12.800
5.500	12.800
5.510	12.800
5.520	12.700
5.530	12.700
5.540	12.700
5.550	12.600
5.560	12.500
5.570	12.500
5.580	12.500
5.590	12.400
5.600	12.400
5.610	12.300
5.620	12.300
5.630	12.200
5.640	12.200
5.650	12.100
5.660	12.100
5.670	12.000
5.680	12.000
5.690	11.900
5.700	11.900
5.710	11.800
5.720	11.800
5.730	11.700
5.740	11.700
5.750	11.600
5.760	11.600
5.770	11.500
5.780	11.400
5.790	11.400
5.800	11.400
5.810	11.300
5.820	11.300
5.830	11.200
5.840	11.100
5.850	11.100
5.860	11.000
5.870	11.000
5.880	10.900
5.890	10.900
5.900	10.800
5.910	10.800
5.920	10.700
5.930	10.600
5.940	10.600
5.950	10.500
5.960	10.500
5.970	10.400
5.980	10.300
5.990	10.300
6.000	10.200
6.010	10.200
6.020	10.100
6.030	10.000
6.040	10.000
6.050	9.900
6.060	9.800
6.070	9.800
6.080	9.700
6.090	9.700
6.100	9.600
6.110	9.500
6.120	9.500
6.130	9.400
6.140	9.300
6.150	9.300
6.160	9.200
6.170	9.200
6.180	9.100
6.190	9.100
6.200	9.000
6.210	9.000
6.220	8.900
6.230	8.800
6.240	8.800
6.250	8.700
6.260	8.600
6.270	8.500
6.280	8.500
6.290	8.500
6.300	8.400
6.310	8.300
6.320	8.300
6.330	8.200
6.340	8.200
6.350	8.100
6.360	8.100
