%Time(s)	Speed(rpm)		
	%3/21/20175:04 PM
0.010	107.100
0.020	107.100
0.030	107.100
0.040	107.000
0.050	107.400
0.060	107.600
0.070	107.500
0.080	107.600
0.090	107.400
0.100	107.400
0.110	107.500
0.120	107.300
0.130	107.300
0.140	107.400
0.150	107.400
0.160	107.200
0.170	107.200
0.180	107.300
0.190	107.300
0.200	107.400
0.210	107.400
0.220	107.400
0.230	107.300
0.240	107.400
0.250	107.700
0.260	107.700
0.270	107.500
0.280	107.400
0.290	107.400
0.300	107.300
0.310	107.100
0.320	107.000
0.330	107.100
0.340	106.900
0.350	107.000
0.360	107.000
0.370	107.300
0.380	107.300
0.390	107.700
0.400	107.600
0.410	107.900
0.420	107.800
0.430	107.700
0.440	107.800
0.450	107.700
0.460	107.800
0.470	107.700
0.480	107.800
0.490	107.700
0.500	107.500
0.510	107.700
0.520	107.500
0.530	107.400
0.540	107.500
0.550	107.500
0.560	107.200
0.570	107.100
0.580	107.000
0.590	107.200
0.600	107.000
0.610	106.600
0.620	106.700
0.630	106.800
0.640	106.700
0.650	106.800
0.660	106.900
0.670	106.700
0.680	107.000
0.690	107.100
0.700	106.700
0.710	106.900
0.720	106.900
0.730	107.000
0.740	107.000
0.750	107.000
0.760	106.900
0.770	107.000
0.780	107.000
0.790	107.200
0.800	107.400
0.810	107.600
0.820	107.800
0.830	107.800
0.840	108.000
0.850	107.600
0.860	107.600
0.870	107.600
0.880	107.600
0.890	107.700
0.900	107.400
0.910	107.500
0.920	107.700
0.930	107.900
0.940	108.000
0.950	107.900
0.960	108.000
0.970	108.300
0.980	108.200
0.990	107.900
1.000	107.900
1.010	107.800
1.020	108.000
1.030	107.700
1.040	107.500
1.050	107.400
1.060	107.300
1.070	107.500
1.080	107.500
1.090	107.500
1.100	107.400
1.110	107.400
1.120	107.700
1.130	107.900
1.140	107.800
1.150	107.800
1.160	107.900
1.170	107.800
1.180	107.700
1.190	108.000
1.200	107.500
1.210	107.600
1.220	107.600
1.230	107.500
1.240	107.500
1.250	107.900
1.260	107.800
1.270	108.000
1.280	108.300
1.290	108.100
1.300	108.000
1.310	108.200
1.320	108.200
1.330	108.100
1.340	108.100
1.350	108.100
1.360	108.100
1.370	108.100
1.380	107.900
1.390	107.900
1.400	108.000
1.410	107.900
1.420	107.800
1.430	107.800
1.440	107.800
1.450	107.900
1.460	108.000
1.470	108.000
1.480	107.900
1.490	108.000
1.500	107.900
1.510	108.100
1.520	108.100
1.530	108.100
1.540	107.900
1.550	108.000
1.560	108.100
1.570	107.900
1.580	107.700
1.590	107.700
1.600	107.700
1.610	107.600
1.620	107.400
1.630	107.400
1.640	107.500
1.650	107.400
1.660	107.600
1.670	107.600
1.680	107.800
1.690	108.000
1.700	108.000
1.710	108.300
1.720	108.100
1.730	108.000
1.740	108.000
1.750	108.100
1.760	107.700
1.770	108.000
1.780	107.700
1.790	107.700
1.800	107.600
1.810	107.500
1.820	107.500
1.830	107.400
1.840	107.600
1.850	107.300
1.860	107.200
1.870	107.600
1.880	107.200
1.890	107.200
1.900	107.000
1.910	107.100
1.920	107.100
1.930	107.100
1.940	107.000
1.950	107.000
1.960	107.000
1.970	106.700
1.980	107.000
1.990	107.200
2.000	107.400
2.010	107.300
2.020	107.400
2.030	107.500
2.040	107.700
2.050	107.400
2.060	107.400
2.070	107.300
2.080	107.300
2.090	107.500
2.100	107.700
2.110	107.500
2.120	107.600
2.130	107.500
2.140	107.600
2.150	107.900
2.160	107.700
2.170	107.600
2.180	107.800
2.190	107.700
2.200	107.700
2.210	107.800
2.220	108.000
2.230	107.700
2.240	107.600
2.250	107.700
2.260	107.800
2.270	107.700
2.280	107.600
2.290	107.300
2.300	107.600
2.310	107.100
2.320	107.300
2.330	107.300
2.340	107.200
2.350	107.300
2.360	107.300
2.370	107.400
2.380	107.700
2.390	107.300
2.400	107.300
2.410	106.900
2.420	107.700
2.430	107.500
2.440	107.400
2.450	107.200
2.460	107.100
2.470	107.100
2.480	107.200
2.490	107.000
2.500	106.800
2.510	107.200
2.520	107.000
2.530	107.100
2.540	107.100
2.550	107.500
2.560	107.700
2.570	107.600
2.580	108.000
2.590	108.400
2.600	107.900
2.610	108.000
2.620	107.900
2.630	107.900
2.640	107.700
2.650	107.900
2.660	107.900
2.670	107.700
2.680	107.600
2.690	107.600
2.700	107.500
2.710	107.400
2.720	107.300
2.730	107.300
2.740	107.200
2.750	107.200
2.760	107.200
2.770	107.900
2.780	107.500
2.790	107.500
2.800	107.600
2.810	107.500
2.820	107.600
2.830	107.500
2.840	107.200
2.850	107.200
2.860	107.500
2.870	107.300
2.880	106.900
2.890	107.400
2.900	107.300
2.910	107.200
2.920	107.100
2.930	106.900
2.940	107.200
2.950	107.300
2.960	107.700
2.970	107.400
2.980	108.000
2.990	107.900
3.000	107.700
3.010	107.800
3.020	108.100
3.030	107.800
3.040	107.100
3.050	105.800
3.060	104.300
3.070	102.500
3.080	100.000
3.090	97.700
3.100	94.400
3.110	90.900
3.120	87.200
3.130	83.300
3.140	78.900
3.150	74.600
3.160	69.500
3.170	65.000
3.180	60.700
3.190	55.900
3.200	51.700
3.210	46.900
3.220	42.200
3.230	38.000
3.240	34.900
3.250	32.400
3.260	30.500
3.270	29.100
3.280	28.000
3.290	27.500
3.300	27.400
3.310	27.200
3.320	27.100
3.330	27.000
3.340	27.000
3.350	27.200
3.360	27.200
3.370	26.900
3.380	26.700
3.390	26.600
3.400	26.800
3.410	26.900
3.420	26.700
3.430	26.400
3.440	26.300
3.450	26.500
3.460	26.600
3.470	26.500
3.480	26.200
3.490	26.100
3.500	26.100
3.510	26.200
3.520	26.100
3.530	26.000
3.540	25.900
3.550	25.800
3.560	25.800
3.570	25.800
3.580	25.700
3.590	25.600
3.600	25.500
3.610	25.500
3.620	25.400
3.630	25.400
3.640	25.400
3.650	25.200
3.660	25.100
3.670	25.100
3.680	25.100
3.690	25.100
3.700	25.000
3.710	24.900
3.720	24.800
3.730	24.800
3.740	24.800
3.750	24.700
3.760	24.600
3.770	24.600
3.780	24.700
3.790	24.600
3.800	24.400
3.810	24.400
3.820	24.400
3.830	24.300
3.840	24.300
3.850	24.200
3.860	24.200
3.870	24.100
3.880	24.100
3.890	24.000
3.900	23.900
3.910	23.900
3.920	23.800
3.930	23.800
3.940	23.700
3.950	23.700
3.960	23.700
3.970	23.600
3.980	23.500
3.990	23.500
4.000	23.400
4.010	23.400
4.020	23.300
4.030	23.200
4.040	23.200
4.050	23.100
4.060	23.100
4.070	23.000
4.080	22.900
4.090	22.800
4.100	22.800
4.110	22.700
4.120	22.700
4.130	22.700
4.140	22.600
4.150	22.600
4.160	22.500
4.170	22.500
4.180	22.400
4.190	22.300
4.200	22.300
4.210	22.200
4.220	22.200
4.230	22.100
4.240	22.100
4.250	22.000
4.260	21.900
4.270	21.900
4.280	21.800
4.290	21.700
4.300	21.600
4.310	21.600
4.320	21.500
4.330	21.500
4.340	21.400
4.350	21.300
4.360	21.300
4.370	21.200
4.380	21.100
4.390	21.000
4.400	20.900
4.410	20.800
4.420	20.700
4.430	20.700
4.440	20.600
4.450	20.500
4.460	20.500
4.470	20.300
4.480	20.300
4.490	20.200
4.500	20.100
4.510	20.100
4.520	20.000
4.530	20.000
4.540	19.900
4.550	19.800
4.560	19.800
4.570	19.700
4.580	19.700
4.590	19.700
4.600	19.700
4.610	19.600
4.620	19.500
4.630	19.400
4.640	19.400
4.650	19.300
4.660	19.200
4.670	19.200
4.680	19.100
4.690	19.000
4.700	19.000
4.710	18.900
4.720	18.900
4.730	18.800
4.740	18.800
4.750	18.700
4.760	18.700
4.770	18.600
4.780	18.600
4.790	18.500
4.800	18.500
4.810	18.400
4.820	18.400
4.830	18.300
4.840	18.200
4.850	18.200
4.860	18.100
4.870	18.100
4.880	18.000
4.890	17.900
4.900	17.900
4.910	17.800
4.920	17.700
4.930	17.700
4.940	17.600
4.950	17.600
4.960	17.600
4.970	17.600
4.980	17.500
4.990	17.500
5.000	17.400
5.010	17.300
5.020	17.200
5.030	17.200
5.040	17.200
5.050	17.100
5.060	17.000
5.070	17.000
5.080	16.900
5.090	16.900
5.100	16.800
5.110	16.800
5.120	16.700
5.130	16.600
5.140	16.600
5.150	16.500
5.160	16.400
5.170	16.400
5.180	16.300
5.190	16.300
5.200	16.200
5.210	16.200
5.220	16.100
5.230	16.100
5.240	16.000
5.250	16.000
5.260	15.900
5.270	15.900
5.280	15.800
5.290	15.700
5.300	15.700
5.310	15.600
5.320	15.600
5.330	15.500
5.340	15.500
5.350	15.500
5.360	15.400
5.370	15.400
5.380	15.300
5.390	15.300
5.400	15.200
5.410	15.200
5.420	15.200
5.430	15.100
5.440	15.100
5.450	15.000
5.460	15.000
5.470	14.900
5.480	14.900
5.490	14.800
5.500	14.800
5.510	14.700
5.520	14.700
5.530	14.600
5.540	14.600
5.550	14.500
5.560	14.500
5.570	14.400
5.580	14.400
5.590	14.300
5.600	14.300
5.610	14.200
5.620	14.200
5.630	14.100
5.640	14.100
5.650	14.000
5.660	13.900
5.670	13.900
5.680	13.800
5.690	13.800
5.700	13.700
5.710	13.700
5.720	13.600
5.730	13.600
5.740	13.500
5.750	13.500
5.760	13.400
5.770	13.400
5.780	13.300
5.790	13.300
5.800	13.200
5.810	13.200
5.820	13.100
5.830	13.100
5.840	12.900
5.850	12.900
5.860	12.800
5.870	12.700
5.880	12.700
5.890	12.600
5.900	12.500
5.910	12.500
5.920	12.400
5.930	12.400
5.940	12.300
5.950	12.200
5.960	12.200
5.970	12.100
5.980	12.000
5.990	12.000
6.000	11.900
6.010	11.900
6.020	11.800
6.030	11.700
6.040	11.600
6.050	11.600
6.060	11.500
6.070	11.500
6.080	11.400
6.090	11.300
6.100	11.300
6.110	11.200
6.120	11.200
6.130	11.100
6.140	11.100
6.150	11.000
6.160	10.900
6.170	10.900
6.180	10.800
6.190	10.800
6.200	10.700
6.210	10.600
6.220	10.600
6.230	10.500
6.240	10.500
6.250	10.400
6.260	10.400
6.270	10.300
6.280	10.300
6.290	10.200
6.300	10.100
6.310	10.100
6.320	10.000
6.330	9.900
6.340	9.800
6.350	9.800
6.360	9.800
6.370	9.700
6.380	9.600
6.390	9.600
6.400	9.500
6.410	9.500
6.420	9.400
6.430	9.300
6.440	9.300
6.450	9.200
6.460	9.200
6.470	9.100
6.480	9.000
6.490	9.000
6.500	8.900
6.510	8.900
6.520	8.900
6.530	8.800
6.540	8.700
6.550	8.600
6.560	8.600
6.570	8.500
6.580	8.400
6.590	8.400
6.600	8.400
6.610	8.300
6.620	8.200
6.630	8.200
6.640	8.100
6.650	8.100
6.660	8.000
6.670	8.000
6.680	7.900
6.690	7.900
6.700	7.900
6.710	7.800
6.720	7.700
6.730	7.700
6.740	7.600
6.750	7.600
6.760	7.500
6.770	7.500
6.780	7.400
6.790	7.400
6.800	7.300
6.810	7.300
6.820	7.200
6.830	7.200
6.840	7.100
6.850	7.100
6.860	7.100
6.870	7.000
6.880	6.900
6.890	6.900
6.900	6.900
6.910	6.800
6.920	6.800
6.930	6.700
6.940	6.600
6.950	6.600
6.960	6.600
6.970	6.500
6.980	6.500
6.990	6.400
7.000	6.300
7.010	6.300
7.020	6.300
7.030	6.200
7.040	6.200
7.050	6.100
7.060	6.100
7.070	6.000
7.080	5.900
7.090	5.900
7.100	5.900
7.110	5.900
7.120	5.800
7.130	5.800
7.140	5.700
7.150	5.600
7.160	5.600
7.170	5.500
7.180	5.500
7.190	5.500
7.200	5.500
7.210	5.400
7.220	5.400
7.230	5.300
7.240	5.300
7.250	5.200
7.260	5.100
7.270	5.100
7.280	5.000
7.290	5.000
7.300	4.900
7.310	4.900
7.320	4.800
7.330	4.800
7.340	4.700
7.350	4.700
7.360	4.600
7.370	4.600
7.380	4.600
7.390	4.500
7.400	4.500
7.410	4.400
7.420	4.400
7.430	4.300
7.440	4.300
7.450	4.300
7.460	4.100
7.470	4.100
7.480	4.000
7.490	4.000
7.500	4.000
7.510	3.900
7.520	3.900
7.530	3.900
7.540	3.700
7.550	3.700
7.560	3.700
7.570	3.600
7.580	3.600
7.590	3.600
7.600	3.400
7.610	3.400
7.620	3.400
7.630	3.300
7.640	3.300
7.650	3.300
7.660	3.300
7.670	3.100
7.680	3.100
7.690	3.100
7.700	3.100
7.710	2.900
7.720	2.900
7.730	2.900
7.740	2.900
7.750	2.700
7.760	2.700
7.770	2.700
7.780	2.700
7.790	2.700
7.800	2.400
7.810	2.400
7.820	2.400
7.830	2.400
7.840	2.400
7.850	2.400
7.860	2.200
7.870	2.200
7.880	2.200
7.890	2.200
7.900	2.200
7.910	2.200
7.920	2.200
7.930	2.200
7.940	1.900
7.950	1.900
7.960	1.900
7.970	1.900
7.980	1.900
7.990	1.900
8.000	1.900
8.010	1.900
8.020	1.900
8.030	1.900
8.040	1.900
8.050	1.900
8.060	1.900
8.070	1.900
8.080	1.900
8.090	1.900
8.100	0.000
8.110	0.000
8.120	0.000
8.130	0.000
8.140	0.000
8.150	0.000
8.160	0.000
8.170	0.000
8.180	0.000
8.190	0.000
8.200	0.000
8.210	0.000
8.220	0.000
8.230	0.000
8.240	0.000
8.250	0.000
8.260	0.000
8.270	0.000
8.280	0.000
8.290	0.000
8.300	0.000
8.310	0.000
8.320	0.000
8.330	0.000
8.340	0.000
8.350	0.000
8.360	0.000
8.370	0.000
8.380	0.000
8.390	0.000
8.400	0.000
8.410	0.000
8.420	0.000
8.430	0.000
8.440	0.000
8.450	0.000
8.460	0.000
8.470	0.000
8.480	0.000
8.490	0.000
8.500	0.000
8.510	0.000
8.520	0.000
8.530	0.000
8.540	0.000
8.550	0.000
8.560	0.000
8.570	0.000
8.580	0.000
8.590	0.000
8.600	0.000
8.610	0.000
8.620	0.000
8.630	0.000
8.640	0.000
8.650	0.000
8.660	0.000
8.670	0.000
8.680	0.000
8.690	0.000
8.700	0.000
8.710	0.000
8.720	0.000
8.730	0.000
8.740	0.000
8.750	0.000
8.760	0.000
8.770	0.000
8.780	0.000
8.790	0.000
8.800	0.000
8.810	0.000
8.820	0.000
8.830	0.000
8.840	0.000
8.850	0.000
8.860	0.000
8.870	0.000
8.880	0.000
8.890	0.000
8.900	0.000
8.910	0.000
8.920	0.000
8.930	0.000
8.940	0.000
8.950	0.000
8.960	0.000
8.970	0.000
8.980	0.000
8.990	0.000
9.000	0.000
9.010	0.000
9.020	0.000
9.030	0.000
9.040	0.000
9.050	0.000
9.060	0.000
9.070	0.000
9.080	0.000
9.090	0.000
9.100	0.000
9.110	0.000
9.120	0.000
9.130	0.000
9.140	0.000
9.150	0.000
9.160	0.000
9.170	0.000
9.180	0.000
9.190	0.000
9.200	0.000
9.210	0.000
9.220	0.000
9.230	0.000
9.240	0.000
9.250	0.000
9.260	0.000
9.270	0.000
9.280	0.000
9.290	0.000
9.300	0.000
9.310	0.000
9.320	0.000
9.330	0.000
9.340	0.000
9.350	0.000
9.360	0.000
9.370	0.000
9.380	0.000
9.390	0.000
9.400	0.000
9.410	0.000
9.420	0.000
9.430	0.000
9.440	0.000
9.450	0.000
9.460	0.000
9.470	0.000
9.480	0.000
9.490	0.000
9.500	0.000
9.510	0.000
9.520	0.000
9.530	0.000
9.540	0.000
9.550	0.000
9.560	0.000
9.570	0.000
9.580	0.000
9.590	0.000
9.600	0.000
9.610	0.000
9.620	0.000
9.630	0.000
9.640	0.000
9.650	0.000
9.660	0.000
9.670	0.000
9.680	0.000
9.690	0.000
9.700	0.000
9.710	0.000
9.720	0.000
9.730	0.000
9.740	0.000
9.750	0.000
9.760	0.000
9.770	0.000
9.780	0.000
9.790	0.000
9.800	0.000
9.810	0.000
9.820	0.000
9.830	0.000
9.840	0.000
9.850	0.000
9.860	0.000
9.870	0.000
9.880	0.000
9.890	0.000
9.900	0.000
9.910	0.000
9.920	0.000
9.930	0.000
9.940	0.000
9.950	0.000
9.960	0.000
9.970	0.000
9.980	0.000
9.990	0.000
10.000	0.000
10.010	0.000
10.020	0.000
10.030	0.000
10.040	0.000
10.050	0.000
10.060	0.000
10.070	0.000
10.080	0.000
10.090	0.000
10.100	0.000
10.110	0.000
10.120	0.000
