%Time(s)	Speed(rpm)		
	%3/21/20175:00 PM
0.010	108.400
0.020	108.300
0.030	108.500
0.040	108.700
0.050	108.500
0.060	108.500
0.070	108.500
0.080	108.800
0.090	108.700
0.100	108.600
0.110	109.100
0.120	108.900
0.130	109.300
0.140	108.800
0.150	109.100
0.160	109.000
0.170	108.900
0.180	109.200
0.190	108.700
0.200	108.900
0.210	109.500
0.220	109.300
0.230	109.500
0.240	109.400
0.250	109.700
0.260	109.700
0.270	109.600
0.280	109.600
0.290	109.500
0.300	109.300
0.310	109.100
0.320	108.800
0.330	108.600
0.340	108.600
0.350	108.200
0.360	108.100
0.370	107.800
0.380	107.800
0.390	107.300
0.400	107.500
0.410	107.600
0.420	107.600
0.430	107.500
0.440	107.300
0.450	107.500
0.460	107.300
0.470	107.500
0.480	107.500
0.490	107.500
0.500	107.700
0.510	108.100
0.520	108.100
0.530	108.000
0.540	108.400
0.550	108.600
0.560	108.700
0.570	108.800
0.580	108.700
0.590	108.800
0.600	108.900
0.610	108.800
0.620	108.700
0.630	108.700
0.640	109.300
0.650	108.600
0.660	108.900
0.670	108.900
0.680	108.800
0.690	108.900
0.700	108.700
0.710	108.600
0.720	108.600
0.730	108.400
0.740	108.400
0.750	108.300
0.760	108.200
0.770	108.100
0.780	108.200
0.790	107.900
0.800	108.100
0.810	108.100
0.820	108.100
0.830	108.100
0.840	108.200
0.850	108.500
0.860	108.300
0.870	108.300
0.880	108.300
0.890	108.300
0.900	108.300
0.910	108.300
0.920	108.600
0.930	108.500
0.940	108.400
0.950	108.600
0.960	108.600
0.970	108.600
0.980	109.100
0.990	108.700
1.000	109.400
1.010	109.000
1.020	109.100
1.030	108.900
1.040	108.800
1.050	108.400
1.060	108.700
1.070	108.900
1.080	108.800
1.090	108.600
1.100	108.800
1.110	108.800
1.120	109.000
1.130	108.800
1.140	108.600
1.150	108.700
1.160	108.600
1.170	108.600
1.180	108.500
1.190	108.400
1.200	108.300
1.210	108.100
1.220	108.300
1.230	108.200
1.240	108.200
1.250	107.900
1.260	107.900
1.270	108.000
1.280	108.100
1.290	108.000
1.300	108.100
1.310	108.100
1.320	108.200
1.330	108.100
1.340	108.100
1.350	108.400
1.360	108.600
1.370	108.600
1.380	108.100
1.390	107.900
1.400	108.100
1.410	108.500
1.420	108.300
1.430	108.700
1.440	108.500
1.450	108.500
1.460	108.600
1.470	108.600
1.480	108.400
1.490	109.100
1.500	109.000
1.510	109.100
1.520	109.000
1.530	108.900
1.540	108.800
1.550	109.100
1.560	109.000
1.570	108.900
1.580	108.500
1.590	109.400
1.600	108.600
1.610	108.600
1.620	108.500
1.630	108.500
1.640	108.500
1.650	108.200
1.660	108.600
1.670	108.200
1.680	108.200
1.690	108.300
1.700	108.900
1.710	108.400
1.720	108.000
1.730	108.200
1.740	108.000
1.750	108.000
1.760	108.000
1.770	107.800
1.780	107.800
1.790	108.100
1.800	108.200
1.810	108.000
1.820	107.900
1.830	108.000
1.840	108.500
1.850	108.400
1.860	109.000
1.870	108.700
1.880	108.600
1.890	108.700
1.900	108.900
1.910	108.500
1.920	108.900
1.930	108.900
1.940	109.300
1.950	108.700
1.960	108.700
1.970	108.900
1.980	109.100
1.990	108.600
2.000	108.800
2.010	108.700
2.020	108.700
2.030	108.800
2.040	108.800
2.050	108.400
2.060	108.400
2.070	108.500
2.080	108.400
2.090	108.400
2.100	108.400
2.110	108.100
2.120	108.300
2.130	108.500
2.140	108.700
2.150	108.100
2.160	108.300
2.170	108.300
2.180	108.400
2.190	108.500
2.200	108.500
2.210	108.300
2.220	108.700
2.230	109.000
2.240	108.500
2.250	108.600
2.260	108.700
2.270	108.600
2.280	108.600
2.290	109.000
2.300	109.200
2.310	109.000
2.320	108.900
2.330	109.100
2.340	108.800
2.350	108.700
2.360	109.000
2.370	109.300
2.380	109.200
2.390	109.100
2.400	109.000
2.410	109.000
2.420	109.000
2.430	108.700
2.440	108.800
2.450	108.700
2.460	108.600
2.470	108.500
2.480	108.500
2.490	108.100
2.500	108.600
2.510	108.300
2.520	108.300
2.530	108.100
2.540	108.100
2.550	107.900
2.560	108.000
2.570	108.000
2.580	107.800
2.590	107.900
2.600	107.900
2.610	107.900
2.620	107.900
2.630	107.900
2.640	107.800
2.650	108.000
2.660	107.900
2.670	107.900
2.680	108.000
2.690	108.300
2.700	107.900
2.710	108.100
2.720	108.200
2.730	108.800
2.740	108.500
2.750	108.600
2.760	108.800
2.770	108.600
2.780	108.500
2.790	108.600
2.800	108.700
2.810	108.900
2.820	108.600
2.830	109.100
2.840	108.700
2.850	108.600
2.860	108.500
2.870	108.700
2.880	108.400
2.890	108.400
2.900	108.400
2.910	108.500
2.920	108.400
2.930	108.400
2.940	108.400
2.950	108.500
2.960	109.000
2.970	108.300
2.980	108.300
2.990	108.600
3.000	108.300
3.010	108.000
3.020	107.800
3.030	107.600
3.040	107.200
3.050	106.400
3.060	105.400
3.070	103.300
3.080	101.500
3.090	98.900
3.100	96.300
3.110	93.300
3.120	90.200
3.130	86.800
3.140	84.100
3.150	78.900
3.160	74.400
3.170	71.600
3.180	66.800
3.190	62.100
3.200	58.700
3.210	53.900
3.220	49.900
3.230	46.000
3.240	41.900
3.250	37.400
3.260	33.900
3.270	30.300
3.280	26.300
3.290	23.200
3.300	21.300
3.310	17.100
3.320	14.700
3.330	14.700
3.340	14.700
3.350	14.700
3.360	11.300
3.370	9.200
3.380	8.300
3.390	8.500
3.400	12.400
3.410	16.500
3.420	19.300
3.430	21.900
3.440	22.800
3.450	23.400
3.460	23.300
3.470	23.200
3.480	23.400
3.490	23.800
3.500	24.000
3.510	23.700
3.520	23.200
3.530	23.100
3.540	23.300
3.550	23.500
3.560	23.500
3.570	23.200
3.580	23.000
3.590	23.000
3.600	22.900
3.610	23.000
3.620	23.000
3.630	22.800
3.640	22.800
3.650	22.700
3.660	22.700
3.670	22.700
3.680	22.700
3.690	22.400
3.700	22.300
3.710	22.300
3.720	22.400
3.730	22.400
3.740	22.300
3.750	22.100
3.760	22.000
3.770	22.000
3.780	22.000
3.790	22.000
3.800	21.700
3.810	21.600
3.820	21.600
3.830	21.600
3.840	21.600
3.850	21.500
3.860	21.400
3.870	21.300
3.880	21.300
3.890	21.300
3.900	21.200
3.910	21.100
3.920	21.000
3.930	21.000
3.940	21.000
3.950	20.900
3.960	20.900
3.970	20.800
3.980	20.700
3.990	20.600
4.000	20.600
4.010	20.600
4.020	20.500
4.030	20.400
4.040	20.400
4.050	20.400
4.060	20.300
4.070	20.300
4.080	20.200
4.090	20.100
4.100	20.000
4.110	20.000
4.120	20.100
4.130	20.000
4.140	19.900
4.150	19.800
4.160	19.700
4.170	19.700
4.180	19.600
4.190	19.600
4.200	19.500
4.210	19.500
4.220	19.400
4.230	19.400
4.240	19.300
4.250	19.300
4.260	19.200
4.270	19.100
4.280	19.100
4.290	19.000
4.300	18.900
4.310	18.900
4.320	18.800
4.330	18.800
4.340	18.700
4.350	18.700
4.360	18.600
4.370	18.600
4.380	18.500
4.390	18.400
4.400	18.400
4.410	18.300
4.420	18.300
4.430	18.200
4.440	18.100
4.450	18.100
4.460	18.000
4.470	18.000
4.480	17.900
4.490	17.900
4.500	17.800
4.510	17.700
4.520	17.700
4.530	17.600
4.540	17.500
4.550	17.500
4.560	17.400
4.570	17.300
4.580	17.200
4.590	17.200
4.600	17.100
4.610	17.100
4.620	17.000
4.630	17.000
4.640	16.900
4.650	16.800
4.660	16.800
4.670	16.700
4.680	16.700
4.690	16.600
4.700	16.600
4.710	16.500
4.720	16.400
4.730	16.400
4.740	16.300
4.750	16.300
4.760	16.200
4.770	16.200
4.780	16.100
4.790	16.000
4.800	16.000
4.810	15.900
4.820	15.900
4.830	15.900
4.840	15.900
4.850	15.900
4.860	15.800
4.870	15.800
4.880	15.700
4.890	15.600
4.900	15.500
4.910	15.400
4.920	15.300
4.930	15.300
4.940	15.300
4.950	15.200
4.960	15.200
4.970	15.200
4.980	15.100
4.990	15.100
5.000	15.000
5.010	15.000
5.020	14.900
5.030	14.800
5.040	14.800
5.050	14.700
5.060	14.700
5.070	14.600
5.080	14.600
5.090	14.500
5.100	14.400
5.110	14.400
5.120	14.300
5.130	14.300
5.140	14.200
5.150	14.200
5.160	14.100
5.170	14.100
5.180	14.000
5.190	13.900
5.200	13.900
5.210	13.800
5.220	13.800
5.230	13.700
5.240	13.600
5.250	13.600
5.260	13.500
5.270	13.400
5.280	13.300
5.290	13.300
5.300	13.200
5.310	13.100
5.320	13.100
5.330	13.000
5.340	12.900
5.350	12.900
5.360	12.800
5.370	12.700
5.380	12.700
5.390	12.600
5.400	12.600
5.410	12.400
5.420	12.400
5.430	12.300
5.440	12.300
5.450	12.200
5.460	12.200
5.470	12.100
5.480	12.100
5.490	12.000
5.500	11.900
5.510	11.900
5.520	11.800
5.530	11.800
5.540	11.700
5.550	11.700
5.560	11.600
5.570	11.600
5.580	11.500
5.590	11.400
5.600	11.400
5.610	11.300
5.620	11.300
5.630	11.200
5.640	11.200
5.650	11.100
5.660	11.100
5.670	11.000
5.680	11.000
5.690	11.000
5.700	11.000
5.710	10.900
5.720	10.800
5.730	10.800
5.740	10.700
5.750	10.600
5.760	10.400
5.770	10.400
5.780	10.300
5.790	10.300
5.800	10.200
5.810	10.200
5.820	10.100
5.830	10.100
5.840	10.000
5.850	10.000
5.860	9.900
5.870	9.900
5.880	9.800
5.890	9.800
5.900	9.700
5.910	9.600
5.920	9.600
5.930	9.500
5.940	9.500
5.950	9.400
5.960	9.300
5.970	9.300
5.980	9.300
5.990	9.200
6.000	9.100
6.010	9.100
6.020	9.000
6.030	8.900
6.040	8.900
6.050	8.800
6.060	8.700
6.070	8.700
6.080	8.700
6.090	8.600
6.100	8.500
6.110	8.500
6.120	8.400
6.130	8.300
6.140	8.200
6.150	8.200
6.160	8.200
6.170	8.100
6.180	8.000
6.190	8.000
6.200	8.000
6.210	7.900
6.220	7.800
6.230	7.700
6.240	7.700
6.250	7.700
6.260	7.600
6.270	7.500
6.280	7.400
6.290	7.400
6.300	7.400
6.310	7.300
6.320	7.200
6.330	7.200
6.340	7.100
6.350	7.100
6.360	7.100
6.370	7.000
6.380	6.900
6.390	6.900
6.400	6.800
6.410	6.800
6.420	6.800
6.430	6.700
6.440	6.600
6.450	6.600
6.460	6.500
6.470	6.400
6.480	6.400
6.490	6.300
6.500	6.200
6.510	6.200
6.520	6.200
6.530	6.200
6.540	6.100
6.550	6.000
6.560	6.000
6.570	5.900
6.580	5.900
6.590	5.800
6.600	5.800
6.610	5.700
6.620	5.600
6.630	5.600
6.640	5.500
6.650	5.500
6.660	5.400
6.670	5.400
6.680	5.300
6.690	5.300
6.700	5.200
6.710	5.200
6.720	5.100
6.730	5.100
6.740	4.900
6.750	4.900
6.760	4.800
6.770	4.800
6.780	4.700
6.790	4.700
6.800	4.700
6.810	4.600
6.820	4.600
6.830	4.500
6.840	4.500
6.850	4.400
6.860	4.400
6.870	4.400
6.880	4.200
6.890	4.200
6.900	4.100
6.910	4.100
6.920	4.100
6.930	4.000
6.940	4.000
6.950	4.000
6.960	3.800
6.970	3.800
6.980	3.700
6.990	3.700
7.000	3.700
7.010	3.500
7.020	3.500
7.030	3.500
7.040	3.500
7.050	3.300
7.060	3.300
7.070	3.300
7.080	3.200
7.090	3.200
7.100	3.200
7.110	3.200
7.120	3.000
7.130	3.000
7.140	3.000
7.150	3.000
7.160	2.800
7.170	2.800
7.180	2.800
7.190	2.800
7.200	2.800
7.210	2.500
7.220	2.500
7.230	2.500
7.240	2.500
7.250	2.500
7.260	2.300
7.270	2.300
7.280	2.300
7.290	2.300
7.300	2.300
7.310	2.300
7.320	2.300
7.330	2.000
7.340	2.000
7.350	2.000
7.360	2.000
7.370	2.000
7.380	2.000
7.390	2.000
7.400	2.000
7.410	2.000
7.420	2.000
7.430	1.700
7.440	1.700
7.450	1.700
7.460	1.700
7.470	1.700
7.480	1.700
7.490	1.700
7.500	1.700
7.510	1.700
7.520	1.700
7.530	1.700
7.540	1.700
7.550	1.700
7.560	1.700
7.570	1.700
7.580	1.700
7.590	0.000
7.600	0.000
7.610	0.000
7.620	0.000
7.630	0.000
7.640	0.000
7.650	0.000
7.660	0.000
7.670	0.000
7.680	0.000
7.690	0.000
7.700	0.000
7.710	0.000
7.720	0.000
7.730	0.000
7.740	0.000
7.750	0.000
7.760	0.000
7.770	0.000
7.780	0.000
7.790	0.000
7.800	0.000
7.810	0.000
7.820	0.000
7.830	0.000
7.840	0.000
7.850	0.000
7.860	0.000
7.870	0.000
7.880	0.000
7.890	0.000
7.900	0.000
7.910	0.000
7.920	0.000
7.930	0.000
7.940	0.000
7.950	0.000
7.960	0.000
7.970	0.000
7.980	0.000
7.990	0.000
8.000	0.000
8.010	0.000
8.020	0.000
8.030	0.000
8.040	0.000
8.050	0.000
8.060	0.000
8.070	0.000
8.080	0.000
8.090	0.000
8.100	0.000
8.110	0.000
8.120	0.000
8.130	0.000
8.140	0.000
8.150	0.000
8.160	0.000
8.170	0.000
8.180	0.000
8.190	0.000
8.200	0.000
8.210	0.000
8.220	0.000
8.230	0.000
8.240	0.000
8.250	0.000
8.260	0.000
8.270	0.000
8.280	0.000
8.290	0.000
8.300	0.000
8.310	0.000
8.320	0.000
8.330	0.000
8.340	0.000
8.350	0.000
8.360	0.000
8.370	0.000
8.380	0.000
8.390	0.000
8.400	0.000
8.410	0.000
8.420	0.000
8.430	0.000
8.440	0.000
8.450	0.000
8.460	0.000
8.470	0.000
8.480	0.000
8.490	0.000
8.500	0.000
8.510	0.000
8.520	0.000
8.530	0.000
8.540	0.000
8.550	0.000
8.560	0.000
8.570	0.000
8.580	0.000
8.590	0.000
8.600	0.000
8.610	0.000
8.620	0.000
8.630	0.000
8.640	0.000
8.650	0.000
8.660	0.000
8.670	0.000
8.680	0.000
8.690	0.000
8.700	0.000
8.710	0.000
8.720	0.000
8.730	0.000
8.740	0.000
8.750	0.000
8.760	0.000
8.770	0.000
8.780	0.000
8.790	0.000
8.800	0.000
8.810	0.000
8.820	0.000
8.830	0.000
8.840	0.000
8.850	0.000
8.860	0.000
8.870	0.000
8.880	0.000
8.890	0.000
8.900	0.000
8.910	0.000
8.920	0.000
8.930	0.000
8.940	0.000
8.950	0.000
8.960	0.000
8.970	0.000
8.980	0.000
8.990	0.000
9.000	0.000
9.010	0.000
9.020	0.000
9.030	0.000
9.040	0.000
9.050	0.000
9.060	0.000
9.070	0.000
9.080	0.000
9.090	0.000
9.100	0.000
9.110	0.000
9.120	0.000
9.130	0.000
9.140	0.000
9.150	0.000
9.160	0.000
9.170	0.000
9.180	0.000
9.190	0.000
9.200	0.000
9.210	0.000
9.220	0.000
9.230	0.000
9.240	0.000
9.250	0.000
9.260	0.000
9.270	0.000
9.280	0.000
9.290	0.000
9.300	0.000
9.310	0.000
9.320	0.000
9.330	0.000
9.340	0.000
9.350	0.000
9.360	0.000
9.370	0.000
9.380	0.000
9.390	0.000
9.400	0.000
9.410	0.000
9.420	0.000
9.430	0.000
9.440	0.000
9.450	0.000
9.460	0.000
9.470	0.000
9.480	0.000
9.490	0.000
9.500	0.000
9.510	0.000
9.520	0.000
9.530	0.000
9.540	0.000
9.550	0.000
9.560	0.000
9.570	0.000
9.580	0.000
9.590	0.000
9.600	0.000
9.610	0.000
9.620	0.000
9.630	0.000
9.640	0.000
9.650	0.000
9.660	0.000
9.670	0.000
9.680	0.000
9.690	0.000
9.700	0.000
9.710	0.000
9.720	0.000
9.730	0.000
9.740	0.000
9.750	0.000
9.760	0.000
9.770	0.000
9.780	0.000
9.790	0.000
9.800	0.000
9.810	0.000
9.820	0.000
9.830	0.000
9.840	0.000
9.850	0.000
9.860	0.000
9.870	0.000
9.880	0.000
9.890	0.000
9.900	0.000
9.910	0.000
9.920	0.000
9.930	0.000
9.940	0.000
9.950	0.000
9.960	0.000
9.970	0.000
9.980	0.000
9.990	0.000
10.000	0.000
10.010	0.000
10.020	0.000
10.030	0.000
10.040	0.000
10.050	0.000
10.060	0.000
10.070	0.000
