%Time(s)	Speed(rpm)		
	%3/21/20174:34 PM
0.010	97.600
0.020	97.500
0.030	97.600
0.040	98.400
0.050	99.100
0.060	100.100
0.070	100.800
0.080	101.700
0.090	101.500
0.100	101.500
0.110	101.400
0.120	101.300
0.130	100.800
0.140	101.300
0.150	100.900
0.160	100.700
0.170	100.600
0.180	100.100
0.190	100.000
0.200	100.100
0.210	99.800
0.220	99.500
0.230	99.200
0.240	98.800
0.250	98.400
0.260	98.400
0.270	98.300
0.280	98.000
0.290	97.600
0.300	97.200
0.310	97.100
0.320	97.100
0.330	96.900
0.340	96.800
0.350	96.800
0.360	97.100
0.370	97.300
0.380	96.500
0.390	97.900
0.400	98.600
0.410	100.200
0.420	101.300
0.430	102.000
0.440	102.000
0.450	101.600
0.460	101.800
0.470	101.800
0.480	101.700
0.490	101.600
0.500	101.600
0.510	101.400
0.520	101.300
0.530	101.200
0.540	101.100
0.550	100.700
0.560	100.300
0.570	100.400
0.580	99.900
0.590	100.000
0.600	99.800
0.610	99.500
0.620	99.200
0.630	99.100
0.640	99.100
0.650	98.600
0.660	99.000
0.670	98.400
0.680	98.500
0.690	98.200
0.700	97.800
0.710	97.600
0.720	97.400
0.730	97.000
0.740	96.800
0.750	96.500
0.760	96.300
0.770	96.100
0.780	95.600
0.790	96.200
0.800	96.300
0.810	96.400
0.820	97.300
0.830	98.300
0.840	99.600
0.850	101.200
0.860	100.900
0.870	101.500
0.880	101.300
0.890	101.200
0.900	101.200
0.910	101.300
0.920	101.000
0.930	100.800
0.940	100.800
0.950	100.700
0.960	100.600
0.970	100.400
0.980	100.300
0.990	100.200
1.000	100.200
1.010	99.900
1.020	99.700
1.030	99.500
1.040	99.300
1.050	99.000
1.060	98.800
1.070	98.800
1.080	98.500
1.090	98.300
1.100	98.300
1.110	98.000
1.120	97.900
1.130	97.700
1.140	97.400
1.150	97.400
1.160	97.500
1.170	97.200
1.180	97.100
1.190	97.200
1.200	97.700
1.210	98.700
1.220	100.000
1.230	101.100
1.240	101.600
1.250	101.400
1.260	101.500
1.270	101.600
1.280	101.600
1.290	101.600
1.300	101.400
1.310	101.400
1.320	101.500
1.330	101.200
1.340	100.900
1.350	100.900
1.360	100.200
1.370	100.200
1.380	100.100
1.390	99.800
1.400	99.300
1.410	99.500
1.420	99.200
1.430	99.100
1.440	98.800
1.450	98.700
1.460	98.500
1.470	98.600
1.480	98.400
1.490	98.000
1.500	98.100
1.510	97.600
1.520	97.400
1.530	97.200
1.540	97.000
1.550	96.800
1.560	96.700
1.570	96.700
1.580	97.100
1.590	97.900
1.600	98.700
1.610	99.800
1.620	100.500
1.630	100.800
1.640	101.100
1.650	100.700
1.660	100.600
1.670	100.400
1.680	100.100
1.690	99.900
1.700	99.500
1.710	99.400
1.720	98.900
1.730	98.600
1.740	98.700
1.750	98.500
1.760	98.500
1.770	98.400
1.780	98.500
1.790	98.600
1.800	99.200
1.810	99.100
1.820	99.200
1.830	100.100
1.840	100.700
1.850	101.200
1.860	101.800
1.870	101.400
1.880	101.300
1.890	101.500
1.900	101.400
1.910	101.500
1.920	101.500
1.930	101.300
1.940	101.300
1.950	101.200
1.960	101.100
1.970	100.800
1.980	100.600
1.990	100.600
2.000	100.200
2.010	100.000
2.020	99.800
2.030	99.500
2.040	99.400
2.050	99.400
2.060	99.100
2.070	98.900
2.080	98.600
2.090	98.600
2.100	98.300
2.110	98.300
2.120	98.200
2.130	97.700
2.140	97.600
2.150	97.300
2.160	97.200
2.170	96.800
2.180	96.800
2.190	96.300
2.200	96.200
2.210	96.500
2.220	96.800
2.230	97.400
2.240	98.600
2.250	99.600
2.260	100.600
2.270	101.600
2.280	102.300
2.290	101.900
2.300	101.600
2.310	101.600
2.320	101.500
2.330	101.600
2.340	101.400
2.350	101.000
2.360	101.200
2.370	100.900
2.380	100.700
2.390	100.500
2.400	100.400
2.410	100.200
2.420	100.300
2.430	100.000
2.440	99.800
2.450	99.500
2.460	99.600
2.470	99.100
2.480	99.000
2.490	98.800
2.500	98.600
2.510	98.400
2.520	98.300
2.530	98.100
2.540	97.900
2.550	97.800
2.560	97.800
2.570	97.300
2.580	97.200
2.590	97.300
2.600	97.100
2.610	96.700
2.620	96.700
2.630	96.700
2.640	96.900
2.650	97.500
2.660	98.200
2.670	99.300
2.680	100.100
2.690	100.800
2.700	101.200
2.710	101.500
2.720	101.500
2.730	101.400
2.740	101.500
2.750	101.700
2.760	102.000
2.770	101.300
2.780	101.100
2.790	101.000
2.800	100.800
2.810	100.500
2.820	100.600
2.830	100.300
2.840	100.100
2.850	100.000
2.860	99.800
2.870	99.600
2.880	99.600
2.890	99.400
2.900	99.400
2.910	99.100
2.920	98.900
2.930	98.600
2.940	98.500
2.950	98.300
2.960	98.200
2.970	97.900
2.980	97.800
2.990	97.600
3.000	97.300
3.010	97.200
3.020	96.700
3.030	96.400
3.040	95.800
3.050	94.800
3.060	93.200
3.070	91.800
3.080	89.900
3.090	87.300
3.100	84.800
3.110	82.100
3.120	78.800
3.130	75.400
3.140	72.000
3.150	69.200
3.160	67.300
3.170	62.500
3.180	57.600
3.190	54.400
3.200	51.800
3.210	47.200
3.220	43.500
3.230	41.500
3.240	37.400
3.250	34.100
3.260	31.300
3.270	28.200
3.280	25.500
3.290	22.900
3.300	20.100
3.310	18.500
3.320	14.900
3.330	14.900
3.340	12.500
3.350	12.500
3.360	12.500
3.370	12.500
3.380	9.600
3.390	8.300
3.400	7.900
3.410	8.400
3.420	12.700
3.430	15.800
3.440	18.100
3.450	19.800
3.460	20.900
3.470	21.300
3.480	21.400
3.490	21.500
3.500	21.700
3.510	21.600
3.520	21.300
3.530	21.100
3.540	21.200
3.550	21.300
3.560	21.300
3.570	21.200
3.580	21.000
3.590	20.900
3.600	21.000
3.610	21.000
3.620	21.000
3.630	20.900
3.640	20.700
3.650	20.600
3.660	20.700
3.670	20.800
3.680	20.700
3.690	20.600
3.700	20.400
3.710	20.400
3.720	20.500
3.730	20.400
3.740	20.300
3.750	20.100
3.760	20.100
3.770	20.200
3.780	20.100
3.790	20.000
3.800	19.900
3.810	19.900
3.820	19.900
3.830	19.900
3.840	19.800
3.850	19.800
3.860	19.700
3.870	19.700
3.880	19.600
3.890	19.500
3.900	19.500
3.910	19.500
3.920	19.400
3.930	19.300
3.940	19.200
3.950	19.200
3.960	19.200
3.970	19.100
3.980	19.100
3.990	19.000
4.000	18.900
4.010	18.900
4.020	18.900
4.030	18.800
4.040	18.700
4.050	18.600
4.060	18.500
4.070	18.400
4.080	18.400
4.090	18.300
4.100	18.300
4.110	18.200
4.120	18.100
4.130	18.100
4.140	18.000
4.150	17.900
4.160	17.900
4.170	17.800
4.180	17.800
4.190	17.700
4.200	17.600
4.210	17.500
4.220	17.500
4.230	17.400
4.240	17.400
4.250	17.300
4.260	17.200
4.270	17.200
4.280	17.200
4.290	17.100
4.300	17.000
4.310	16.900
4.320	16.900
4.330	16.800
4.340	16.800
4.350	16.700
4.360	16.600
4.370	16.600
4.380	16.600
4.390	16.500
4.400	16.400
4.410	16.400
4.420	16.300
4.430	16.200
4.440	16.200
4.450	16.100
4.460	16.100
4.470	16.000
4.480	16.000
4.490	15.900
4.500	15.900
4.510	15.800
4.520	15.700
4.530	15.700
4.540	15.600
4.550	15.600
4.560	15.500
4.570	15.500
4.580	15.400
4.590	15.400
4.600	15.300
4.610	15.300
4.620	15.200
4.630	15.200
4.640	15.100
4.650	15.100
4.660	15.000
4.670	14.900
4.680	14.900
4.690	14.800
4.700	14.800
4.710	14.700
4.720	14.700
4.730	14.600
4.740	14.600
4.750	14.500
4.760	14.500
4.770	14.400
4.780	14.400
4.790	14.300
4.800	14.200
4.810	14.200
4.820	14.200
4.830	14.100
4.840	14.100
4.850	14.000
4.860	14.000
4.870	13.900
4.880	13.900
4.890	13.800
4.900	13.800
4.910	13.700
4.920	13.700
4.930	13.600
4.940	13.600
4.950	13.500
4.960	13.500
4.970	13.400
4.980	13.300
4.990	13.300
5.000	13.200
5.010	13.200
5.020	13.100
5.030	13.000
5.040	13.000
5.050	12.900
5.060	12.800
5.070	12.800
5.080	12.700
5.090	12.700
5.100	12.600
5.110	12.500
5.120	12.500
5.130	12.400
5.140	12.300
5.150	12.300
5.160	12.200
5.170	12.100
5.180	12.100
5.190	12.000
5.200	12.000
5.210	11.900
5.220	11.800
5.230	11.800
5.240	11.700
5.250	11.700
5.260	11.600
5.270	11.500
5.280	11.500
5.290	11.400
5.300	11.300
5.310	11.300
5.320	11.200
5.330	11.200
5.340	11.100
5.350	11.000
5.360	11.000
5.370	10.900
5.380	10.900
5.390	10.800
5.400	10.800
5.410	10.700
5.420	10.700
5.430	10.600
5.440	10.500
5.450	10.400
5.460	10.300
5.470	10.300
5.480	10.200
5.490	10.200
5.500	10.100
5.510	10.100
5.520	10.100
5.530	10.000
5.540	9.900
5.550	9.900
5.560	9.800
5.570	9.800
5.580	9.700
5.590	9.700
5.600	9.600
5.610	9.600
5.620	9.500
5.630	9.400
5.640	9.400
5.650	9.300
5.660	9.300
5.670	9.300
5.680	9.200
5.690	9.200
5.700	9.100
5.710	9.100
5.720	9.000
5.730	9.000
5.740	8.900
5.750	8.800
5.760	8.800
5.770	8.700
5.780	8.700
5.790	8.600
5.800	8.600
5.810	8.500
5.820	8.500
5.830	8.400
5.840	8.300
5.850	8.300
5.860	8.300
5.870	8.200
5.880	8.200
5.890	8.100
5.900	8.000
5.910	8.000
5.920	8.000
5.930	7.900
5.940	7.900
5.950	7.800
5.960	7.800
5.970	7.700
5.980	7.700
5.990	7.600
6.000	7.600
6.010	7.600
6.020	7.500
6.030	7.400
6.040	7.400
6.050	7.400
6.060	7.300
6.070	7.200
6.080	7.200
6.090	7.200
6.100	7.100
6.110	7.100
6.120	7.000
6.130	6.900
6.140	6.900
6.150	6.900
6.160	6.800
6.170	6.700
6.180	6.700
6.190	6.600
6.200	6.600
6.210	6.600
6.220	6.500
6.230	6.500
6.240	6.400
6.250	6.300
6.260	6.300
6.270	6.200
6.280	6.100
6.290	6.100
6.300	6.100
6.310	6.100
6.320	6.000
6.330	5.900
6.340	5.900
6.350	5.800
6.360	5.800
6.370	5.700
6.380	5.700
6.390	5.700
6.400	5.600
6.410	5.600
6.420	5.500
6.430	5.500
6.440	5.400
6.450	5.400
6.460	5.300
6.470	5.300
6.480	5.200
6.490	5.200
6.500	5.100
6.510	5.100
6.520	5.000
6.530	5.000
6.540	4.900
6.550	4.900
6.560	4.800
6.570	4.800
6.580	4.700
6.590	4.700
6.600	4.600
6.610	4.600
6.620	4.600
6.630	4.500
6.640	4.500
6.650	4.400
6.660	4.400
6.670	4.300
6.680	4.300
6.690	4.300
6.700	4.200
6.710	4.200
6.720	4.100
6.730	4.100
6.740	4.100
6.750	3.900
6.760	3.900
6.770	3.900
6.780	3.800
6.790	3.800
6.800	3.700
6.810	3.700
6.820	3.700
6.830	3.600
6.840	3.600
6.850	3.600
6.860	3.400
6.870	3.400
6.880	3.400
6.890	3.400
6.900	3.300
6.910	3.300
6.920	3.300
6.930	3.100
6.940	3.100
6.950	3.100
6.960	3.100
6.970	3.000
6.980	3.000
6.990	3.000
7.000	3.000
7.010	2.800
7.020	2.800
7.030	2.800
7.040	2.800
7.050	2.600
7.060	2.600
7.070	2.600
7.080	2.600
7.090	2.600
7.100	2.400
7.110	2.400
7.120	2.400
7.130	2.400
7.140	2.400
7.150	2.400
7.160	2.100
7.170	2.100
7.180	2.100
7.190	2.100
7.200	2.100
7.210	2.100
7.220	2.100
7.230	2.100
7.240	1.900
7.250	1.900
7.260	1.900
7.270	1.900
7.280	1.900
7.290	1.900
7.300	1.900
7.310	1.900
7.320	1.900
7.330	1.900
7.340	1.900
7.350	1.900
7.360	1.900
7.370	1.900
7.380	1.900
7.390	1.900
7.400	0.000
7.410	0.000
7.420	0.000
7.430	0.000
7.440	0.000
7.450	0.000
7.460	0.000
7.470	0.000
7.480	0.000
7.490	0.000
7.500	0.000
7.510	0.000
7.520	0.000
7.530	0.000
7.540	0.000
7.550	0.000
7.560	0.000
7.570	0.000
7.580	0.000
7.590	0.000
7.600	0.000
7.610	0.000
7.620	0.000
7.630	0.000
7.640	0.000
7.650	0.000
7.660	0.000
7.670	0.000
7.680	0.000
7.690	0.000
7.700	0.000
7.710	0.000
7.720	0.000
7.730	0.000
7.740	0.000
7.750	0.000
7.760	0.000
7.770	0.000
7.780	0.000
7.790	0.000
7.800	0.000
7.810	0.000
7.820	0.000
7.830	0.000
7.840	0.000
7.850	0.000
7.860	0.000
7.870	0.000
7.880	0.000
7.890	0.000
7.900	0.000
7.910	0.000
7.920	0.000
7.930	0.000
7.940	0.000
7.950	0.000
7.960	0.000
7.970	0.000
7.980	0.000
7.990	0.000
8.000	0.000
8.010	0.000
8.020	0.000
8.030	0.000
8.040	0.000
8.050	0.000
8.060	0.000
8.070	0.000
8.080	0.000
8.090	0.000
8.100	0.000
