%Time(s)	Speed(rpm)		
	%3/23/20175:06 PM
0.010	100.800
0.020	90.500
0.030	96.100
0.040	87.300
0.050	89.300
0.060	88.200
0.070	89.400
0.080	90.100
0.090	90.500
0.100	90.800
0.110	90.700
0.120	91.200
0.130	91.600
0.140	92.200
0.150	92.800
0.160	93.500
0.170	93.800
0.180	94.600
0.190	94.800
0.200	95.100
0.210	95.300
0.220	95.500
0.230	96.200
0.240	96.000
0.250	96.200
0.260	96.300
0.270	96.500
0.280	96.800
0.290	97.000
0.300	97.600
0.310	98.300
0.320	98.500
0.330	98.800
0.340	99.400
0.350	99.800
0.360	99.500
0.370	99.800
0.380	99.800
0.390	99.900
0.400	100.100
0.410	100.300
0.420	100.300
0.430	100.600
0.440	100.400
0.450	100.600
0.460	101.000
0.470	101.200
0.480	101.300
0.490	101.400
0.500	101.300
0.510	101.400
0.520	101.600
0.530	101.300
0.540	100.700
0.550	100.500
0.560	100.400
0.570	100.100
0.580	100.000
0.590	99.600
0.600	99.500
0.610	99.600
0.620	99.600
0.630	99.700
0.640	99.600
0.650	99.600
0.660	99.500
0.670	99.800
0.680	99.700
0.690	100.100
0.700	100.600
0.710	100.700
0.720	100.900
0.730	101.000
0.740	101.000
0.750	101.800
0.760	101.600
0.770	101.500
0.780	101.600
0.790	101.300
0.800	100.900
0.810	101.200
0.820	100.900
0.830	100.600
0.840	100.300
0.850	100.100
0.860	99.900
0.870	99.500
0.880	99.500
0.890	99.300
0.900	99.100
0.910	98.200
0.920	98.700
0.930	98.500
0.940	98.600
0.950	98.800
0.960	98.500
0.970	98.100
0.980	98.000
0.990	98.000
1.000	97.800
1.010	97.300
1.020	97.400
1.030	97.500
1.040	97.500
1.050	97.900
1.060	98.600
1.070	98.300
1.080	99.500
1.090	100.100
1.100	100.300
1.110	100.500
1.120	100.700
1.130	100.800
1.140	100.700
1.150	100.700
1.160	100.700
1.170	100.500
1.180	100.500
1.190	100.900
1.200	100.900
1.210	101.100
1.220	101.100
1.230	101.200
1.240	101.200
1.250	101.800
1.260	101.100
1.270	101.200
1.280	101.400
1.290	101.300
1.300	101.000
1.310	100.700
1.320	100.500
1.330	100.400
1.340	100.200
1.350	100.000
1.360	99.800
1.370	99.700
1.380	99.400
1.390	98.900
1.400	99.200
1.410	98.900
1.420	99.200
1.430	98.900
1.440	98.800
1.450	98.800
1.460	98.700
1.470	98.900
1.480	99.100
1.490	99.800
1.500	100.400
1.510	100.800
1.520	101.400
1.530	101.000
1.540	101.300
1.550	101.300
1.560	101.200
1.570	101.200
1.580	101.100
1.590	100.800
1.600	100.500
1.610	100.100
1.620	99.700
1.630	99.500
1.640	99.300
1.650	99.300
1.660	99.000
1.670	99.000
1.680	98.900
1.690	98.800
1.700	98.900
1.710	99.100
1.720	99.700
1.730	99.900
1.740	100.500
1.750	101.400
1.760	101.600
1.770	101.600
1.780	101.700
1.790	101.600
1.800	101.500
1.810	101.600
1.820	101.300
1.830	101.000
1.840	100.400
1.850	100.300
1.860	100.400
1.870	100.200
1.880	100.200
1.890	100.100
1.900	99.800
1.910	100.000
1.920	99.600
1.930	99.700
1.940	99.000
1.950	98.900
1.960	98.800
1.970	98.600
1.980	98.400
1.990	98.200
2.000	97.700
2.010	97.800
2.020	97.800
2.030	97.700
2.040	98.000
2.050	98.300
2.060	99.400
2.070	100.300
2.080	100.800
2.090	101.500
2.100	101.600
2.110	101.800
2.120	101.600
2.130	101.600
2.140	101.700
2.150	101.500
2.160	101.400
2.170	101.100
2.180	101.200
2.190	101.300
2.200	100.900
2.210	100.500
2.220	100.500
2.230	100.100
2.240	99.800
2.250	99.500
2.260	99.200
2.270	99.200
2.280	99.000
2.290	98.800
2.300	98.700
2.310	97.500
2.320	98.100
2.330	98.000
2.340	97.900
2.350	97.700
2.360	97.700
2.370	97.800
2.380	97.400
2.390	97.200
2.400	97.500
2.410	97.900
2.420	98.500
2.430	99.400
2.440	100.500
2.450	101.300
2.460	101.000
2.470	101.000
2.480	101.200
2.490	101.100
2.500	101.000
2.510	100.800
2.520	101.100
2.530	100.600
2.540	100.400
2.550	100.300
2.560	100.400
2.570	100.000
2.580	100.000
2.590	100.000
2.600	100.200
2.610	100.300
2.620	100.500
2.630	101.100
2.640	101.400
2.650	101.900
2.660	102.200
2.670	102.500
2.680	102.700
2.690	102.500
2.700	102.400
2.710	102.100
2.720	102.300
2.730	102.000
2.740	101.900
2.750	101.600
2.760	101.500
2.770	100.900
2.780	100.700
2.790	100.700
2.800	100.600
2.810	100.400
2.820	100.200
2.830	100.300
2.840	100.000
2.850	99.700
2.860	99.700
2.870	99.600
2.880	99.300
2.890	98.800
2.900	98.600
2.910	98.400
2.920	98.000
2.930	97.700
2.940	97.600
2.950	97.300
2.960	97.300
2.970	97.000
2.980	96.800
2.990	96.600
3.000	96.300
3.010	96.100
3.020	95.700
3.030	95.700
3.040	95.600
3.050	95.200
3.060	94.600
3.070	93.900
3.080	93.100
3.090	91.500
3.100	89.100
3.110	87.200
3.120	85.000
3.130	82.300
3.140	79.200
3.150	76.900
3.160	75.200
3.170	72.900
3.180	67.200
3.190	63.500
3.200	60.100
3.210	56.200
3.220	53.800
3.230	50.700
3.240	46.400
3.250	42.800
3.260	39.400
3.270	36.200
3.280	33.300
3.290	30.500
3.300	27.200
3.310	24.200
3.320	21.100
3.330	19.500
3.340	16.200
3.350	14.300
3.360	14.300
3.370	11.700
3.380	11.700
3.390	11.700
3.400	9.000
3.410	9.000
3.420	7.400
3.430	6.700
3.440	6.800
3.450	8.000
3.460	11.000
3.470	11.700
3.480	12.200
3.490	12.600
3.500	12.600
3.510	12.500
3.520	12.300
3.530	12.100
3.540	12.000
3.550	12.000
3.560	12.100
3.570	12.200
3.580	12.100
3.590	12.000
3.600	11.800
3.610	11.700
3.620	11.600
3.630	11.700
3.640	11.700
3.650	11.700
3.660	11.700
3.670	11.600
3.680	11.300
3.690	11.300
3.700	11.300
3.710	11.300
3.720	11.300
3.730	11.200
3.740	11.100
3.750	10.900
3.760	10.900
3.770	10.900
3.780	10.900
3.790	10.900
3.800	10.800
3.810	10.700
3.820	10.600
3.830	10.600
3.840	10.600
3.850	10.600
3.860	10.500
3.870	10.300
3.880	10.300
3.890	10.200
3.900	10.200
3.910	10.200
3.920	10.100
3.930	10.000
3.940	9.900
3.950	9.900
3.960	9.900
3.970	9.800
3.980	9.800
3.990	9.700
4.000	9.600
4.010	9.600
4.020	9.500
4.030	9.500
4.040	9.400
4.050	9.400
4.060	9.400
4.070	9.300
4.080	9.200
4.090	9.200
4.100	9.100
4.110	9.100
4.120	9.000
4.130	8.900
4.140	8.900
4.150	8.800
4.160	8.800
4.170	8.800
4.180	8.700
4.190	8.600
4.200	8.500
4.210	8.500
4.220	8.400
4.230	8.400
4.240	8.400
4.250	8.300
4.260	8.200
4.270	8.100
4.280	8.100
4.290	8.100
4.300	8.000
4.310	7.900
4.320	7.800
4.330	7.800
4.340	7.800
4.350	7.700
4.360	7.600
4.370	7.600
4.380	7.600
4.390	7.500
4.400	7.400
4.410	7.300
4.420	7.300
4.430	7.300
4.440	7.200
4.450	7.100
4.460	7.100
4.470	7.000
4.480	7.000
4.490	7.000
4.500	6.900
4.510	6.800
4.520	6.800
4.530	6.700
4.540	6.600
4.550	6.600
4.560	6.500
4.570	6.500
4.580	6.500
4.590	6.400
4.600	6.400
4.610	6.300
4.620	6.200
4.630	6.200
4.640	6.100
4.650	6.100
4.660	6.000
4.670	5.900
4.680	5.900
4.690	5.800
4.700	5.800
4.710	5.700
4.720	5.700
4.730	5.600
4.740	5.500
4.750	5.500
4.760	5.400
4.770	5.400
4.780	5.200
4.790	5.200
4.800	5.100
4.810	5.100
4.820	5.000
4.830	5.000
4.840	4.900
4.850	4.900
4.860	4.900
4.870	4.800
4.880	4.800
4.890	4.700
4.900	4.700
4.910	4.500
4.920	4.500
4.930	4.400
4.940	4.400
4.950	4.400
4.960	4.300
4.970	4.300
4.980	4.200
4.990	4.200
5.000	4.200
5.010	4.000
5.020	4.000
5.030	4.000
5.040	3.900
5.050	3.900
5.060	3.800
5.070	3.800
5.080	3.800
5.090	3.600
5.100	3.600
5.110	3.600
5.120	3.500
5.130	3.500
5.140	3.500
5.150	3.500
5.160	3.300
5.170	3.300
5.180	3.300
5.190	3.100
5.200	3.100
5.210	3.100
5.220	3.100
5.230	2.900
5.240	2.900
5.250	2.900
5.260	2.900
5.270	2.800
5.280	2.800
5.290	2.800
5.300	2.800
5.310	2.800
5.320	2.600
5.330	2.600
5.340	2.600
5.350	2.600
5.360	2.600
5.370	2.300
5.380	2.300
5.390	2.300
5.400	2.300
5.410	2.300
5.420	2.300
5.430	2.100
5.440	2.100
5.450	2.100
5.460	2.100
5.470	2.100
5.480	2.100
5.490	2.100
5.500	1.800
5.510	1.800
5.520	1.800
5.530	1.800
5.540	1.800
5.550	1.800
5.560	1.800
5.570	1.800
5.580	1.800
5.590	1.800
5.600	1.800
5.610	1.800
5.620	1.800
5.630	1.800
5.640	1.800
5.650	1.800
5.660	1.500
5.670	1.500
5.680	1.500
5.690	1.500
5.700	1.500
5.710	1.500
5.720	1.500
5.730	1.500
5.740	1.500
5.750	1.500
5.760	1.500
5.770	1.500
5.780	1.500
5.790	1.500
5.800	1.500
5.810	1.500
5.820	0.000
5.830	0.000
5.840	0.000
5.850	0.000
5.860	0.000
5.870	0.000
5.880	0.000
5.890	0.000
5.900	0.000
5.910	0.000
5.920	0.000
5.930	0.000
5.940	0.000
5.950	0.000
5.960	0.000
5.970	0.000
5.980	0.000
5.990	0.000
6.000	0.000
6.010	0.000
6.020	0.000
6.030	0.000
6.040	0.000
6.050	0.000
6.060	0.000
6.070	0.000
6.080	0.000
6.090	0.000
6.100	0.000
6.110	0.000
6.120	0.000
6.130	0.000
6.140	0.000
6.150	0.000
6.160	0.000
6.170	0.000
6.180	0.000
6.190	0.000
6.200	0.000
6.210	0.000
6.220	0.000
6.230	0.000
6.240	0.000
6.250	0.000
6.260	0.000
6.270	0.000
6.280	0.000
6.290	0.000
6.300	0.000
6.310	0.000
6.320	0.000
6.330	0.000
6.340	0.000
6.350	0.000
6.360	0.000
6.370	0.000
6.380	0.000
6.390	0.000
6.400	0.000
6.410	0.000
6.420	0.000
6.430	0.000
6.440	0.000
6.450	0.000
6.460	0.000
6.470	0.000
6.480	0.000
6.490	0.000
6.500	0.000
6.510	0.000
6.520	0.000
6.530	0.000
6.540	0.000
6.550	0.000
6.560	0.000
6.570	0.000
6.580	0.000
6.590	0.000
6.600	0.000
6.610	0.000
6.620	0.000
6.630	0.000
6.640	0.000
6.650	0.000
6.660	0.000
6.670	0.000
6.680	0.000
6.690	0.000
6.700	0.000
6.710	0.000
6.720	0.000
6.730	0.000
6.740	0.000
6.750	0.000
6.760	0.000
6.770	0.000
6.780	0.000
6.790	0.000
6.800	0.000
6.810	0.000
6.820	0.000
6.830	0.000
6.840	0.000
6.850	0.000
6.860	0.000
6.870	0.000
6.880	0.000
6.890	0.000
6.900	0.000
6.910	0.000
6.920	0.000
6.930	0.000
6.940	0.000
6.950	0.000
6.960	0.000
6.970	0.000
6.980	0.000
6.990	0.000
7.000	0.000
7.010	0.000
7.020	0.000
7.030	0.000
7.040	0.000
7.050	0.000
7.060	0.000
7.070	0.000
7.080	0.000
7.090	0.000
7.100	0.000
7.110	0.000
7.120	0.000
7.130	0.000
7.140	0.000
7.150	0.000
7.160	0.000
7.170	0.000
7.180	0.000
7.190	0.000
7.200	0.000
7.210	0.000
7.220	0.000
7.230	0.000
7.240	0.000
7.250	0.000
7.260	0.000
7.270	0.000
7.280	0.000
7.290	0.000
7.300	0.000
7.310	0.000
7.320	0.000
7.330	0.000
7.340	0.000
7.350	0.000
7.360	0.000
7.370	0.000
7.380	0.000
7.390	0.000
7.400	0.000
7.410	0.000
7.420	0.000
7.430	0.000
7.440	0.000
7.450	0.000
7.460	0.000
7.470	0.000
7.480	0.000
7.490	0.000
7.500	0.000
7.510	0.000
7.520	0.000
7.530	0.000
7.540	0.000
7.550	0.000
7.560	0.000
7.570	0.000
7.580	0.000
7.590	0.000
7.600	0.000
7.610	0.000
7.620	0.000
7.630	0.000
7.640	0.000
7.650	0.000
7.660	0.000
7.670	0.000
7.680	0.000
7.690	0.000
7.700	0.000
7.710	0.000
7.720	0.000
7.730	0.000
7.740	0.000
7.750	0.000
7.760	0.000
7.770	0.000
7.780	0.000
7.790	0.000
7.800	0.000
7.810	0.000
7.820	0.000
7.830	0.000
7.840	0.000
7.850	0.000
7.860	0.000
7.870	0.000
7.880	0.000
7.890	0.000
7.900	0.000
7.910	0.000
7.920	0.000
7.930	0.000
7.940	0.000
7.950	0.000
7.960	0.000
7.970	0.000
7.980	0.000
7.990	0.000
8.000	0.000
8.010	0.000
8.020	0.000
8.030	0.000
8.040	0.000
8.050	0.000
8.060	0.000
8.070	0.000
8.080	0.000
8.090	0.000
8.100	0.000
8.110	0.000
8.120	0.000
8.130	0.000
8.140	0.000
8.150	0.000
8.160	0.000
8.170	0.000
8.180	0.000
8.190	0.000
8.200	0.000
8.210	0.000
8.220	0.000
8.230	0.000
8.240	0.000
8.250	0.000
8.260	0.000
8.270	0.000
8.280	0.000
8.290	0.000
8.300	0.000
8.310	0.000
8.320	0.000
8.330	0.000
8.340	0.000
8.350	0.000
8.360	0.000
8.370	0.000
8.380	0.000
8.390	0.000
8.400	0.000
8.410	0.000
8.420	0.000
8.430	0.000
8.440	0.000
8.450	0.000
8.460	0.000
8.470	0.000
8.480	0.000
8.490	0.000
8.500	0.000
8.510	0.000
8.520	0.000
8.530	0.000
8.540	0.000
8.550	0.000
8.560	0.000
8.570	0.000
8.580	0.000
8.590	0.000
8.600	0.000
8.610	0.000
8.620	0.000
8.630	0.000
8.640	0.000
8.650	0.000
8.660	0.000
8.670	0.000
8.680	0.000
8.690	0.000
8.700	0.000
8.710	0.000
8.720	0.000
8.730	0.000
8.740	0.000
8.750	0.000
8.760	0.000
8.770	0.000
8.780	0.000
8.790	0.000
8.800	0.000
8.810	0.000
8.820	0.000
8.830	0.000
8.840	0.000
8.850	0.000
8.860	0.000
8.870	0.000
8.880	0.000
8.890	0.000
8.900	0.000
8.910	0.000
8.920	0.000
8.930	0.000
8.940	0.000
8.950	0.000
8.960	0.000
8.970	0.000
8.980	0.000
8.990	0.000
9.000	0.000
9.010	0.000
9.020	0.000
9.030	0.000
9.040	0.000
9.050	0.000
9.060	0.000
9.070	0.000
9.080	0.000
9.090	0.000
9.100	0.000
9.110	0.000
9.120	0.000
9.130	0.000
9.140	0.000
9.150	0.000
9.160	0.000
9.170	0.000
9.180	0.000
9.190	0.000
9.200	0.000
9.210	0.000
9.220	0.000
9.230	0.000
9.240	0.000
9.250	0.000
9.260	0.000
9.270	0.000
9.280	0.000
9.290	0.000
9.300	0.000
9.310	0.000
9.320	0.000
9.330	0.000
9.340	0.000
9.350	0.000
9.360	0.000
9.370	0.000
9.380	0.000
9.390	0.000
9.400	0.000
9.410	0.000
9.420	0.000
9.430	0.000
9.440	0.000
9.450	0.000
9.460	0.000
9.470	0.000
9.480	0.000
9.490	0.000
9.500	0.000
9.510	0.000
9.520	0.000
9.530	0.000
9.540	0.000
9.550	0.000
9.560	0.000
9.570	0.000
9.580	0.000
9.590	0.000
9.600	0.000
9.610	0.000
9.620	0.000
9.630	0.000
9.640	0.000
9.650	0.000
9.660	0.000
9.670	0.000
9.680	0.000
9.690	0.000
9.700	0.000
9.710	0.000
9.720	0.000
9.730	0.000
9.740	0.000
9.750	0.000
9.760	0.000
9.770	0.000
9.780	0.000
9.790	0.000
9.800	0.000
9.810	0.000
9.820	0.000
9.830	0.000
9.840	0.000
9.850	0.000
9.860	0.000
9.870	0.000
9.880	0.000
9.890	0.000
9.900	0.000
9.910	0.000
9.920	0.000
9.930	0.000
9.940	0.000
9.950	0.000
9.960	0.000
9.970	0.000
9.980	0.000
9.990	0.000
10.000	0.000
10.010	0.000
10.020	0.000
10.030	0.000
10.040	0.000
10.050	0.000
10.060	0.000
10.070	0.000
10.080	0.000
10.090	0.000
10.100	0.000
10.110	0.000
10.120	0.000
10.130	0.000
10.140	0.000
10.150	0.000
10.160	0.000
10.170	0.000
10.180	0.000
10.190	0.000
10.200	0.000
10.210	0.000
10.220	0.000
10.230	0.000
10.240	0.000
10.250	0.000
10.260	0.000
10.270	0.000
10.280	0.000
10.290	0.000
10.300	0.000
10.310	0.000
10.320	0.000
10.330	0.000
10.340	0.000
10.350	0.000
10.360	0.000
10.370	0.000
10.380	0.000
10.390	0.000
10.400	0.000
10.410	0.000
10.420	0.000
10.430	0.000
10.440	0.000
10.450	0.000
10.460	0.000
10.470	0.000
10.480	0.000
10.490	0.000
10.500	0.000
10.510	0.000
10.520	0.000
10.530	0.000
10.540	0.000
10.550	0.000
10.560	0.000
10.570	0.000
10.580	0.000
10.590	0.000
10.600	0.000
10.610	0.000
10.620	0.000
10.630	0.000
10.640	0.000
10.650	0.000
10.660	0.000
10.670	0.000
10.680	0.000
10.690	0.000
10.700	0.000
10.710	0.000
10.720	0.000
10.730	0.000
10.740	0.000
10.750	0.000
10.760	0.000
10.770	0.000
10.780	0.000
10.790	0.000
10.800	0.000
10.810	0.000
10.820	0.000
10.830	0.000
10.840	0.000
10.850	0.000
10.860	0.000
10.870	0.000
10.880	0.000
10.890	0.000
10.900	0.000
10.910	0.000
10.920	0.000
10.930	0.000
10.940	0.000
10.950	0.000
10.960	0.000
10.970	0.000
10.980	0.000
10.990	0.000
11.000	0.000
11.010	0.000
11.020	0.000
11.030	0.000
11.040	0.000
11.050	0.000
11.060	0.000
11.070	0.000
11.080	0.000
11.090	0.000
11.100	0.000
11.110	0.000
11.120	0.000
11.130	0.000
11.140	0.000
11.150	0.000
11.160	0.000
11.170	0.000
11.180	0.000
11.190	0.000
11.200	0.000
11.210	0.000
11.220	0.000
11.230	0.000
11.240	0.000
11.250	0.000
11.260	0.000
11.270	0.000
11.280	0.000
11.290	0.000
11.300	0.000
11.310	0.000
11.320	0.000
11.330	0.000
11.340	0.000
11.350	0.000
11.360	0.000
11.370	0.000
11.380	0.000
11.390	0.000
11.400	0.000
11.410	0.000
11.420	0.000
11.430	0.000
11.440	0.000
11.450	0.000
11.460	0.000
11.470	0.000
11.480	0.000
11.490	0.000
11.500	0.000
11.510	0.000
11.520	0.000
11.530	0.000
11.540	0.000
11.550	0.000
11.560	0.000
11.570	0.000
11.580	0.000
11.590	0.000
11.600	0.000
11.610	0.000
11.620	0.000
11.630	0.000
11.640	0.000
11.650	0.000
11.660	0.000
11.670	0.000
11.680	0.000
11.690	0.000
11.700	0.000
11.710	0.000
11.720	0.000
11.730	0.000
11.740	0.000
11.750	0.000
11.760	0.000
11.770	0.000
11.780	0.000
11.790	0.000
11.800	0.000
11.810	0.000
11.820	0.000
11.830	0.000
11.840	0.000
11.850	0.000
11.860	0.000
11.870	0.000
11.880	0.000
11.890	0.000
11.900	0.000
11.910	0.000
11.920	0.000
11.930	0.000
11.940	0.000
11.950	0.000
11.960	0.000
11.970	0.000
11.980	0.000
11.990	0.000
12.000	0.000
12.010	0.000
12.020	0.000
12.030	0.000
12.040	0.000
12.050	0.000
12.060	0.000
12.070	0.000
12.080	0.000
12.090	0.000
12.100	0.000
12.110	0.000
12.120	0.000
12.130	0.000
12.140	0.000
12.150	0.000
12.160	0.000
12.170	0.000
12.180	0.000
12.190	0.000
12.200	0.000
12.210	0.000
12.220	0.000
12.230	0.000
12.240	0.000
12.250	0.000
12.260	0.000
12.270	0.000
12.280	0.000
12.290	0.000
12.300	0.000
12.310	0.000
12.320	0.000
12.330	0.000
12.340	0.000
12.350	0.000
12.360	0.000
12.370	0.000
12.380	0.000
12.390	0.000
12.400	0.000
12.410	0.000
12.420	0.000
12.430	0.000
12.440	0.000
12.450	0.000
12.460	0.000
12.470	0.000
12.480	0.000
12.490	0.000
12.500	0.000
12.510	0.000
12.520	0.000
12.530	0.000
12.540	0.000
12.550	0.000
12.560	0.000
12.570	0.000
12.580	0.000
12.590	0.000
12.600	0.000
12.610	0.000
12.620	0.000
12.630	0.000
12.640	0.000
12.650	0.000
12.660	0.000
12.670	0.000
12.680	0.000
12.690	0.000
12.700	0.000
12.710	0.000
12.720	0.000
12.730	0.000
12.740	0.000
12.750	0.000
12.760	0.000
12.770	0.000
12.780	0.000
12.790	0.000
12.800	0.000
12.810	0.000
12.820	0.000
12.830	0.000
12.840	0.000
12.850	0.000
12.860	0.000
12.870	0.000
12.880	0.000
12.890	0.000
12.900	0.000
12.910	0.000
12.920	0.000
12.930	0.000
12.940	0.000
12.950	0.000
12.960	0.000
12.970	0.000
12.980	0.000
12.990	0.000
13.000	0.000
13.010	0.000
13.020	0.000
13.030	0.000
13.040	0.000
13.050	0.000
13.060	0.000
13.070	0.000
13.080	0.000
13.090	0.000
13.100	0.000
13.110	0.000
13.120	0.000
13.130	0.000
13.140	0.000
13.150	0.000
13.160	0.000
13.170	0.000
13.180	0.000
13.190	0.000
13.200	0.000
13.210	0.000
13.220	0.000
13.230	0.000
13.240	0.000
13.250	0.000
13.260	0.000
13.270	0.000
13.280	0.000
13.290	0.000
13.300	0.000
13.310	0.000
13.320	0.000
13.330	0.000
13.340	0.000
13.350	0.000
13.360	0.000
13.370	0.000
13.380	0.000
13.390	0.000
13.400	0.000
13.410	0.000
13.420	0.000
13.430	0.000
13.440	0.000
13.450	0.000
13.460	0.000
13.470	0.000
13.480	0.000
13.490	0.000
13.500	0.000
13.510	0.000
13.520	0.000
13.530	0.000
13.540	0.000
13.550	0.000
13.560	0.000
13.570	0.000
13.580	0.000
13.590	0.000
13.600	0.000
13.610	0.000
13.620	0.000
13.630	0.000
13.640	0.000
13.650	0.000
13.660	0.000
13.670	0.000
13.680	0.000
13.690	0.000
13.700	0.000
13.710	0.000
13.720	0.000
13.730	0.000
13.740	0.000
13.750	0.000
13.760	0.000
13.770	0.000
13.780	0.000
13.790	0.000
13.800	0.000
13.810	0.000
13.820	0.000
13.830	0.000
13.840	0.000
13.850	0.000
13.860	0.000
13.870	0.000
13.880	0.000
13.890	0.000
13.900	0.000
13.910	0.000
13.920	0.000
13.930	0.000
13.940	0.000
13.950	0.000
13.960	0.000
13.970	0.000
13.980	0.000
13.990	0.000
14.000	0.000
14.010	0.000
14.020	0.000
14.030	0.000
14.040	0.000
14.050	0.000
14.060	0.000
14.070	0.000
14.080	0.000
14.090	0.000
14.100	0.000
14.110	0.000
14.120	0.000
14.130	0.000
14.140	0.000
14.150	0.000
14.160	0.000
14.170	0.000
14.180	0.000
14.190	0.000
14.200	0.000
14.210	0.000
14.220	0.000
14.230	0.000
14.240	0.000
14.250	0.000
14.260	0.000
14.270	0.000
14.280	0.000
14.290	0.000
14.300	0.000
14.310	0.000
14.320	0.000
14.330	0.000
14.340	0.000
14.350	0.000
14.360	0.000
14.370	0.000
14.380	0.000
14.390	0.000
14.400	0.000
14.410	0.000
14.420	0.000
14.430	0.000
14.440	0.000
14.450	0.000
14.460	0.000
14.470	0.000
14.480	0.000
14.490	0.000
14.500	0.000
14.510	0.000
14.520	0.000
14.530	0.000
14.540	0.000
14.550	0.000
14.560	0.000
14.570	0.000
14.580	0.000
14.590	0.000
14.600	0.000
14.610	0.000
14.620	0.000
14.630	0.000
14.640	0.000
14.650	0.000
14.660	0.000
14.670	0.000
14.680	0.000
14.690	0.000
14.700	0.000
14.710	0.000
14.720	0.000
14.730	0.000
14.740	0.000
14.750	0.000
14.760	0.000
14.770	0.000
14.780	0.000
14.790	0.000
14.800	0.000
14.810	0.000
14.820	0.000
14.830	0.000
14.840	0.000
14.850	0.000
14.860	0.000
14.870	0.000
14.880	0.000
14.890	0.000
14.900	0.000
14.910	0.000
14.920	0.000
14.930	0.000
14.940	0.000
14.950	0.000
14.960	0.000
14.970	0.000
14.980	0.000
14.990	0.000
15.000	0.000
15.010	0.000
15.020	0.000
15.030	0.000
15.040	0.000
15.050	0.000
15.060	0.000
15.070	0.000
15.080	0.000
15.090	0.000
15.100	0.000
15.110	0.000
15.120	0.000
15.130	0.000
15.140	0.000
15.150	0.000
15.160	0.000
15.170	0.000
15.180	0.000
15.190	0.000
15.200	0.000
15.210	0.000
15.220	0.000
15.230	0.000
15.240	0.000
15.250	0.000
15.260	0.000
15.270	0.000
15.280	0.000
15.290	0.000
15.300	0.000
15.310	0.000
15.320	0.000
15.330	0.000
15.340	0.000
15.350	0.000
15.360	0.000
15.370	0.000
15.380	0.000
15.390	0.000
15.400	0.000
15.410	0.000
15.420	0.000
15.430	0.000
15.440	0.000
15.450	0.000
15.460	0.000
15.470	0.000
15.480	0.000
15.490	0.000
15.500	0.000
15.510	0.000
15.520	0.000
15.530	0.000
15.540	0.000
15.550	0.000
15.560	0.000
15.570	0.000
15.580	0.000
15.590	0.000
15.600	0.000
15.610	0.000
15.620	0.000
15.630	0.000
15.640	0.000
15.650	0.000
15.660	0.000
15.670	0.000
15.680	0.000
15.690	0.000
15.700	0.000
15.710	0.000
15.720	0.000
15.730	0.000
15.740	0.000
15.750	0.000
15.760	0.000
15.770	0.000
15.780	0.000
15.790	0.000
15.800	0.000
15.810	0.000
15.820	0.000
15.830	0.000
15.840	0.000
15.850	0.000
15.860	0.000
15.870	0.000
15.880	0.000
15.890	0.000
15.900	0.000
15.910	0.000
15.920	0.000
15.930	0.000
15.940	0.000
15.950	0.000
15.960	0.000
15.970	0.000
15.980	0.000
15.990	0.000
16.000	0.000
16.010	0.000
16.020	0.000
16.030	0.000
16.040	0.000
16.050	0.000
16.060	0.000
16.070	0.000
16.080	0.000
16.090	0.000
16.100	0.000
16.110	0.000
16.120	0.000
16.130	0.000
16.140	0.000
16.150	0.000
16.160	0.000
16.170	0.000
16.180	0.000
16.190	0.000
16.200	0.000
16.210	0.000
16.220	0.000
16.230	0.000
16.240	0.000
16.250	0.000
16.260	0.000
16.270	0.000
16.280	0.000
16.290	0.000
16.300	0.000
16.310	0.000
16.320	0.000
16.330	0.000
16.340	0.000
16.350	0.000
16.360	0.000
16.370	0.000
16.380	0.000
16.390	0.000
16.400	0.000
16.410	0.000
16.420	0.000
16.430	0.000
16.440	0.000
16.450	0.000
16.460	0.000
16.470	0.000
16.480	0.000
16.490	0.000
16.500	0.000
16.510	0.000
16.520	0.000
16.530	0.000
16.540	0.000
16.550	0.000
16.560	0.000
16.570	0.000
16.580	0.000
16.590	0.000
16.600	0.000
16.610	0.000
16.620	0.000
16.630	0.000
16.640	0.000
16.650	0.000
16.660	0.000
16.670	0.000
16.680	0.000
16.690	0.000
16.700	0.000
16.710	0.000
16.720	0.000
16.730	0.000
16.740	0.000
16.750	0.000
16.760	0.000
16.770	0.000
16.780	0.000
16.790	0.000
16.800	0.000
16.810	0.000
16.820	0.000
16.830	0.000
16.840	0.000
16.850	0.000
16.860	0.000
16.870	0.000
16.880	0.000
16.890	0.000
16.900	0.000
16.910	0.000
16.920	0.000
16.930	0.000
16.940	0.000
16.950	0.000
16.960	0.000
16.970	0.000
16.980	0.000
16.990	0.000
17.000	0.000
17.010	0.000
17.020	0.000
17.030	0.000
17.040	0.000
17.050	0.000
17.060	0.000
17.070	0.000
17.080	0.000
17.090	0.000
17.100	0.000
17.110	0.000
17.120	0.000
17.130	0.000
17.140	0.000
17.150	0.000
17.160	0.000
17.170	0.000
17.180	0.000
17.190	0.000
17.200	0.000
17.210	0.000
17.220	0.000
17.230	0.000
17.240	0.000
17.250	0.000
17.260	0.000
17.270	0.000
17.280	0.000
17.290	0.000
17.300	0.000
17.310	0.000
17.320	0.000
17.330	0.000
17.340	0.000
17.350	0.000
17.360	0.000
17.370	0.000
17.380	0.000
17.390	0.000
17.400	0.000
17.410	0.000
17.420	0.000
17.430	0.000
17.440	0.000
17.450	0.000
17.460	0.000
17.470	0.000
17.480	0.000
17.490	0.000
17.500	0.000
17.510	0.000
17.520	0.000
17.530	0.000
17.540	0.000
17.550	0.000
17.560	0.000
17.570	0.000
17.580	0.000
17.590	0.000
17.600	0.000
17.610	0.000
17.620	0.000
17.630	0.000
17.640	0.000
17.650	0.000
17.660	0.000
17.670	0.000
17.680	0.000
17.690	0.000
17.700	0.000
17.710	0.000
17.720	0.000
17.730	0.000
17.740	0.000
17.750	0.000
17.760	0.000
17.770	0.000
17.780	0.000
17.790	0.000
17.800	0.000
17.810	0.000
17.820	0.000
17.830	0.000
17.840	0.000
17.850	0.000
17.860	0.000
17.870	0.000
17.880	0.000
17.890	0.000
17.900	0.000
17.910	0.000
17.920	0.000
17.930	0.000
17.940	0.000
17.950	0.000
17.960	0.000
17.970	0.000
17.980	0.000
17.990	0.000
18.000	0.000
18.010	0.000
18.020	0.000
18.030	0.000
18.040	0.000
18.050	0.000
18.060	0.000
18.070	0.000
18.080	0.000
18.090	0.000
18.100	0.000
18.110	0.000
18.120	0.000
18.130	0.000
18.140	0.000
18.150	0.000
18.160	0.000
18.170	0.000
18.180	0.000
18.190	0.000
18.200	0.000
18.210	0.000
18.220	0.000
18.230	0.000
18.240	0.000
18.250	0.000
18.260	0.000
18.270	0.000
18.280	0.000
18.290	0.000
18.300	0.000
18.310	0.000
18.320	0.000
18.330	0.000
18.340	0.000
18.350	0.000
18.360	0.000
18.370	0.000
18.380	0.000
18.390	0.000
18.400	0.000
18.410	0.000
18.420	0.000
18.430	0.000
18.440	0.000
18.450	0.000
18.460	0.000
18.470	0.000
18.480	0.000
18.490	0.000
18.500	0.000
18.510	0.000
18.520	0.000
18.530	0.000
18.540	0.000
18.550	0.000
18.560	0.000
18.570	0.000
18.580	0.000
18.590	0.000
18.600	0.000
18.610	0.000
18.620	0.000
18.630	0.000
18.640	0.000
18.650	0.000
18.660	0.000
18.670	0.000
18.680	0.000
18.690	0.000
18.700	0.000
18.710	0.000
18.720	0.000
18.730	0.000
18.740	0.000
18.750	0.000
18.760	0.000
18.770	0.000
18.780	0.000
18.790	0.000
18.800	0.000
18.810	0.000
18.820	0.000
18.830	0.000
18.840	0.000
18.850	0.000
18.860	0.000
18.870	0.000
18.880	0.000
18.890	0.000
18.900	0.000
18.910	0.000
18.920	0.000
18.930	0.000
18.940	0.000
18.950	0.000
18.960	0.000
18.970	0.000
18.980	0.000
18.990	0.000
19.000	0.000
19.010	0.000
19.020	0.000
19.030	0.000
19.040	0.000
19.050	0.000
19.060	0.000
19.070	0.000
19.080	0.000
19.090	0.000
19.100	0.000
19.110	0.000
19.120	0.000
19.130	0.000
19.140	0.000
19.150	0.000
19.160	0.000
19.170	0.000
19.180	0.000
19.190	0.000
19.200	0.000
19.210	0.000
19.220	0.000
19.230	0.000
19.240	0.000
19.250	0.000
19.260	0.000
19.270	0.000
19.280	0.000
19.290	0.000
19.300	0.000
19.310	0.000
19.320	0.000
19.330	0.000
19.340	0.000
19.350	0.000
19.360	0.000
19.370	0.000
19.380	0.000
19.390	0.000
19.400	0.000
19.410	0.000
19.420	0.000
19.430	0.000
19.440	0.000
19.450	0.000
19.460	0.000
