%Time(s)	Speed(rpm)		
	%3/21/20174:51 PM
0.010	109.100
0.020	109.000
0.030	109.300
0.040	109.400
0.050	109.300
0.060	109.400
0.070	109.800
0.080	109.400
0.090	109.300
0.100	108.900
0.110	108.800
0.120	108.700
0.130	108.800
0.140	108.700
0.150	108.700
0.160	108.600
0.170	108.700
0.180	108.600
0.190	108.400
0.200	108.600
0.210	108.700
0.220	108.400
0.230	108.300
0.240	108.000
0.250	108.000
0.260	108.000
0.270	108.000
0.280	108.200
0.290	108.100
0.300	108.200
0.310	108.700
0.320	108.500
0.330	108.400
0.340	108.700
0.350	108.400
0.360	108.500
0.370	109.300
0.380	108.700
0.390	108.500
0.400	108.500
0.410	108.700
0.420	108.700
0.430	108.300
0.440	108.200
0.450	108.500
0.460	108.500
0.470	108.500
0.480	108.500
0.490	109.200
0.500	108.600
0.510	108.500
0.520	109.200
0.530	108.900
0.540	108.900
0.550	109.000
0.560	109.200
0.570	109.100
0.580	109.300
0.590	109.200
0.600	109.200
0.610	109.200
0.620	108.800
0.630	109.200
0.640	109.100
0.650	109.000
0.660	108.600
0.670	108.600
0.680	108.500
0.690	108.400
0.700	108.300
0.710	108.400
0.720	108.100
0.730	108.100
0.740	108.200
0.750	108.300
0.760	108.200
0.770	108.300
0.780	108.200
0.790	108.200
0.800	108.700
0.810	108.000
0.820	108.100
0.830	107.900
0.840	108.600
0.850	108.500
0.860	108.400
0.870	108.300
0.880	108.700
0.890	108.700
0.900	108.700
0.910	109.300
0.920	108.800
0.930	108.800
0.940	108.100
0.950	108.600
0.960	108.300
0.970	108.400
0.980	108.500
0.990	108.500
1.000	108.600
1.010	108.600
1.020	108.700
1.030	108.300
1.040	108.600
1.050	108.500
1.060	109.000
1.070	109.000
1.080	108.900
1.090	108.800
1.100	109.200
1.110	109.100
1.120	109.100
1.130	109.200
1.140	109.200
1.150	109.000
1.160	108.900
1.170	108.900
1.180	108.900
1.190	108.000
1.200	109.200
1.210	108.700
1.220	108.800
1.230	108.600
1.240	108.300
1.250	108.200
1.260	108.400
1.270	108.200
1.280	108.200
1.290	108.000
1.300	108.100
1.310	108.200
1.320	108.100
1.330	108.200
1.340	109.200
1.350	108.300
1.360	108.400
1.370	108.100
1.380	108.000
1.390	108.500
1.400	108.200
1.410	108.300
1.420	108.300
1.430	108.200
1.440	108.800
1.450	109.100
1.460	109.400
1.470	109.200
1.480	109.200
1.490	109.400
1.500	109.300
1.510	109.100
1.520	108.700
1.530	108.800
1.540	108.400
1.550	108.800
1.560	108.700
1.570	108.700
1.580	108.500
1.590	108.700
1.600	108.700
1.610	108.900
1.620	108.900
1.630	109.200
1.640	109.100
1.650	109.100
1.660	109.200
1.670	109.000
1.680	108.700
1.690	109.000
1.700	108.900
1.710	108.700
1.720	108.500
1.730	108.700
1.740	108.900
1.750	109.000
1.760	109.200
1.770	109.900
1.780	109.500
1.790	109.300
1.800	109.200
1.810	108.900
1.820	109.100
1.830	109.500
1.840	108.700
1.850	109.000
1.860	109.000
1.870	109.000
1.880	109.000
1.890	108.900
1.900	108.900
1.910	109.000
1.920	109.000
1.930	108.700
1.940	108.500
1.950	108.400
1.960	108.600
1.970	108.500
1.980	108.500
1.990	108.300
2.000	108.000
2.010	108.200
2.020	108.100
2.030	108.300
2.040	108.400
2.050	108.500
2.060	108.700
2.070	109.100
2.080	108.800
2.090	108.600
2.100	108.700
2.110	108.900
2.120	108.900
2.130	108.700
2.140	108.400
2.150	108.600
2.160	108.900
2.170	108.800
2.180	109.000
2.190	109.300
2.200	109.200
2.210	108.900
2.220	109.100
2.230	108.500
2.240	108.800
2.250	108.700
2.260	109.000
2.270	109.000
2.280	109.100
2.290	109.400
2.300	109.500
2.310	109.800
2.320	109.600
2.330	109.700
2.340	109.900
2.350	109.900
2.360	109.600
2.370	109.600
2.380	109.300
2.390	109.000
2.400	108.900
2.410	108.700
2.420	108.500
2.430	108.200
2.440	108.100
2.450	108.100
2.460	108.000
2.470	108.200
2.480	108.100
2.490	108.100
2.500	108.100
2.510	108.100
2.520	107.700
2.530	107.500
2.540	107.500
2.550	107.400
2.560	107.200
2.570	107.000
2.580	107.200
2.590	107.200
2.600	107.200
2.610	107.400
2.620	107.800
2.630	108.300
2.640	108.000
2.650	108.200
2.660	108.400
2.670	108.500
2.680	108.700
2.690	108.900
2.700	108.600
2.710	108.600
2.720	108.800
2.730	108.800
2.740	108.800
2.750	108.700
2.760	108.500
2.770	108.800
2.780	108.900
2.790	108.500
2.800	108.500
2.810	108.300
2.820	108.400
2.830	108.100
2.840	108.100
2.850	108.100
2.860	107.900
2.870	108.100
2.880	108.200
2.890	108.400
2.900	108.300
2.910	108.500
2.920	108.500
2.930	109.000
2.940	108.500
2.950	108.200
2.960	108.200
2.970	108.500
2.980	108.400
2.990	108.300
3.000	108.400
3.010	108.400
3.020	108.400
3.030	108.400
3.040	108.300
3.050	108.500
3.060	108.100
3.070	106.500
3.080	103.900
3.090	101.700
3.100	99.200
3.110	95.700
3.120	92.600
3.130	89.700
3.140	85.600
3.150	81.000
3.160	76.700
3.170	71.900
3.180	67.700
3.190	63.400
3.200	57.600
3.210	53.200
3.220	48.700
3.230	44.500
3.240	41.100
3.250	36.700
3.260	33.700
3.270	31.000
3.280	29.500
3.290	28.900
3.300	28.400
3.310	28.000
3.320	28.000
3.330	28.200
3.340	28.400
3.350	28.300
3.360	27.900
3.370	27.600
3.380	27.700
3.390	27.900
3.400	28.000
3.410	27.800
3.420	27.500
3.430	27.500
3.440	27.500
3.450	27.700
3.460	27.600
3.470	27.400
3.480	27.300
3.490	27.200
3.500	27.200
3.510	27.300
3.520	27.300
3.530	27.100
3.540	26.900
3.550	26.900
3.560	27.000
3.570	27.000
3.580	26.900
3.590	26.700
3.600	26.600
3.610	26.600
3.620	26.700
3.630	26.700
3.640	26.500
3.650	26.300
3.660	26.300
3.670	26.300
3.680	26.300
3.690	26.300
3.700	26.100
3.710	26.000
3.720	26.000
3.730	26.000
3.740	26.000
3.750	25.900
3.760	25.800
3.770	25.700
3.780	25.700
3.790	25.700
3.800	25.700
3.810	25.500
3.820	25.500
3.830	25.400
3.840	25.400
3.850	25.400
3.860	25.300
3.870	25.200
3.880	25.100
3.890	25.100
3.900	25.100
3.910	25.000
3.920	24.900
3.930	24.800
3.940	24.800
3.950	24.800
3.960	24.700
3.970	24.700
3.980	24.600
3.990	24.600
4.000	24.500
4.010	24.400
4.020	24.400
4.030	24.300
4.040	24.300
4.050	24.200
4.060	24.100
4.070	24.100
4.080	24.000
4.090	24.000
4.100	23.800
4.110	23.800
4.120	23.800
4.130	23.700
4.140	23.700
4.150	23.600
4.160	23.500
4.170	23.500
4.180	23.500
4.190	23.400
4.200	23.400
4.210	23.300
4.220	23.200
4.230	23.200
4.240	23.100
4.250	23.100
4.260	23.000
4.270	22.900
4.280	22.900
4.290	22.800
4.300	22.800
4.310	22.700
4.320	22.600
4.330	22.600
4.340	22.500
4.350	22.400
4.360	22.400
4.370	22.300
4.380	22.300
4.390	22.300
4.400	22.200
4.410	22.200
4.420	22.100
4.430	22.100
4.440	22.000
4.450	22.000
4.460	21.900
4.470	21.900
4.480	21.800
4.490	21.600
4.500	21.500
4.510	21.500
4.520	21.600
4.530	21.600
4.540	21.500
4.550	21.500
4.560	21.400
4.570	21.300
4.580	21.200
4.590	21.200
4.600	21.200
4.610	21.100
4.620	21.100
4.630	21.000
4.640	21.000
4.650	20.900
4.660	20.800
4.670	20.700
4.680	20.700
4.690	20.600
4.700	20.600
4.710	20.500
4.720	20.400
4.730	20.400
4.740	20.300
4.750	20.300
4.760	20.200
4.770	20.200
4.780	20.100
4.790	20.000
4.800	20.000
4.810	20.000
4.820	19.900
4.830	19.800
4.840	19.800
4.850	19.700
4.860	19.700
4.870	19.700
4.880	19.600
4.890	19.500
4.900	19.400
4.910	19.400
4.920	19.300
4.930	19.300
4.940	19.200
4.950	19.100
4.960	19.100
4.970	19.000
4.980	19.000
4.990	19.000
5.000	18.900
5.010	18.800
5.020	18.800
5.030	18.700
5.040	18.700
5.050	18.600
5.060	18.600
5.070	18.500
5.080	18.400
5.090	18.400
5.100	18.300
5.110	18.300
5.120	18.200
5.130	18.200
5.140	18.100
5.150	18.000
5.160	17.900
5.170	17.900
5.180	17.900
5.190	17.900
5.200	17.800
5.210	17.700
5.220	17.700
5.230	17.600
5.240	17.600
5.250	17.500
5.260	17.400
5.270	17.400
5.280	17.300
5.290	17.300
5.300	17.200
5.310	17.200
5.320	17.100
5.330	17.100
5.340	17.000
5.350	17.000
5.360	16.900
5.370	16.900
5.380	16.800
5.390	16.700
5.400	16.700
5.410	16.600
5.420	16.500
5.430	16.500
5.440	16.400
5.450	16.400
5.460	16.300
5.470	16.300
5.480	16.200
5.490	16.200
5.500	16.200
5.510	16.100
5.520	16.100
5.530	16.000
5.540	16.000
5.550	15.900
5.560	15.900
5.570	15.900
5.580	15.800
5.590	15.800
5.600	15.700
5.610	15.700
5.620	15.600
5.630	15.600
5.640	15.500
5.650	15.400
5.660	15.400
5.670	15.300
5.680	15.300
5.690	15.300
5.700	15.200
5.710	15.100
5.720	15.100
5.730	15.000
5.740	15.000
5.750	15.000
5.760	14.900
5.770	14.900
5.780	14.800
5.790	14.800
5.800	14.700
5.810	14.700
5.820	14.700
5.830	14.700
5.840	14.600
5.850	14.500
5.860	14.400
5.870	14.400
5.880	14.300
5.890	14.300
5.900	14.200
5.910	14.200
5.920	14.100
5.930	14.100
5.940	14.000
5.950	14.000
5.960	13.900
5.970	13.900
5.980	13.800
5.990	13.800
6.000	13.700
6.010	13.700
6.020	13.700
6.030	13.600
6.040	13.500
6.050	13.500
6.060	13.500
6.070	13.400
6.080	13.400
6.090	13.300
6.100	13.300
6.110	13.200
6.120	13.200
6.130	13.100
6.140	13.100
6.150	13.000
6.160	12.900
6.170	12.900
6.180	12.900
6.190	12.800
6.200	12.800
6.210	12.700
6.220	12.600
6.230	12.600
6.240	12.600
6.250	12.600
6.260	12.500
6.270	12.500
6.280	12.400
6.290	12.300
6.300	12.300
6.310	12.200
6.320	12.200
6.330	12.100
6.340	12.100
6.350	12.000
6.360	12.000
6.370	11.900
6.380	11.900
6.390	11.800
6.400	11.800
6.410	11.700
6.420	11.700
6.430	11.600
6.440	11.600
6.450	11.500
6.460	11.500
6.470	11.400
6.480	11.300
6.490	11.300
6.500	11.300
6.510	11.200
6.520	11.100
6.530	11.100
6.540	11.100
6.550	11.000
6.560	10.900
6.570	10.900
6.580	10.800
6.590	10.800
6.600	10.700
6.610	10.600
6.620	10.600
6.630	10.500
6.640	10.400
6.650	10.400
6.660	10.300
6.670	10.300
6.680	10.200
6.690	10.200
6.700	10.100
6.710	10.100
6.720	10.000
6.730	9.900
6.740	9.800
6.750	9.800
6.760	9.800
6.770	9.700
6.780	9.700
6.790	9.600
6.800	9.500
6.810	9.500
6.820	9.400
6.830	9.300
6.840	9.300
6.850	9.200
6.860	9.100
6.870	9.100
6.880	9.000
6.890	8.900
6.900	8.900
6.910	8.800
6.920	8.800
6.930	8.700
6.940	8.700
6.950	8.600
6.960	8.600
6.970	8.500
6.980	8.500
6.990	8.500
7.000	8.400
7.010	8.300
7.020	8.300
7.030	8.200
7.040	8.100
7.050	8.100
7.060	8.100
7.070	8.000
7.080	7.900
7.090	7.900
7.100	7.900
7.110	7.800
7.120	7.700
7.130	7.700
7.140	7.600
7.150	7.600
7.160	7.500
7.170	7.400
7.180	7.400
7.190	7.400
7.200	7.300
7.210	7.200
7.220	7.200
7.230	7.200
7.240	7.100
7.250	7.000
7.260	7.000
7.270	6.900
7.280	6.900
7.290	6.900
7.300	6.800
7.310	6.700
7.320	6.700
7.330	6.700
7.340	6.600
7.350	6.600
7.360	6.500
7.370	6.400
7.380	6.400
7.390	6.400
7.400	6.300
7.410	6.300
7.420	6.200
7.430	6.200
7.440	6.100
7.450	6.000
7.460	6.000
7.470	5.900
7.480	5.900
7.490	5.800
7.500	5.800
7.510	5.700
7.520	5.600
7.530	5.600
7.540	5.500
7.550	5.500
7.560	5.400
7.570	5.400
7.580	5.300
7.590	5.300
7.600	5.200
7.610	5.200
7.620	5.100
7.630	5.100
7.640	5.000
7.650	5.000
7.660	4.900
7.670	4.900
7.680	4.900
7.690	4.900
7.700	4.800
7.710	4.800
7.720	4.700
7.730	4.700
7.740	4.600
7.750	4.600
7.760	4.600
7.770	4.400
7.780	4.400
7.790	4.300
7.800	4.300
7.810	4.300
7.820	4.200
7.830	4.200
7.840	4.000
7.850	4.000
7.860	4.000
7.870	3.900
7.880	3.900
7.890	3.900
7.900	3.800
7.910	3.800
7.920	3.800
7.930	3.600
7.940	3.600
7.950	3.600
7.960	3.400
7.970	3.400
7.980	3.400
7.990	3.300
8.000	3.300
8.010	3.300
8.020	3.300
8.030	3.100
8.040	3.100
8.050	3.100
8.060	2.900
8.070	2.900
8.080	2.900
8.090	2.900
8.100	2.900
8.110	2.700
8.120	2.700
8.130	2.700
8.140	2.700
8.150	2.700
8.160	2.500
8.170	2.500
8.180	2.500
8.190	2.500
8.200	2.500
8.210	2.200
8.220	2.200
8.230	2.200
8.240	2.200
8.250	2.200
8.260	2.200
8.270	2.200
8.280	2.200
8.290	1.900
8.300	1.900
8.310	1.900
8.320	1.900
8.330	1.900
8.340	1.900
8.350	1.900
8.360	1.900
8.370	1.900
8.380	1.900
8.390	1.900
8.400	1.900
8.410	1.900
8.420	1.900
8.430	1.900
8.440	1.900
8.450	0.000
8.460	0.000
8.470	0.000
8.480	0.000
8.490	0.000
8.500	0.000
8.510	0.000
8.520	0.000
8.530	0.000
8.540	0.000
8.550	0.000
8.560	0.000
8.570	0.000
8.580	0.000
8.590	0.000
8.600	0.000
8.610	0.000
8.620	0.000
8.630	0.000
8.640	0.000
8.650	0.000
8.660	0.000
8.670	0.000
8.680	0.000
8.690	0.000
8.700	0.000
8.710	0.000
8.720	0.000
8.730	0.000
8.740	0.000
8.750	0.000
8.760	0.000
8.770	0.000
8.780	0.000
8.790	0.000
8.800	0.000
8.810	0.000
8.820	0.000
8.830	0.000
8.840	0.000
8.850	0.000
8.860	0.000
8.870	0.000
8.880	0.000
8.890	0.000
8.900	0.000
8.910	0.000
8.920	0.000
8.930	0.000
8.940	0.000
8.950	0.000
8.960	0.000
8.970	0.000
8.980	0.000
8.990	0.000
9.000	0.000
9.010	0.000
9.020	0.000
9.030	0.000
9.040	0.000
9.050	0.000
9.060	0.000
9.070	0.000
9.080	0.000
9.090	0.000
9.100	0.000
9.110	0.000
9.120	0.000
9.130	0.000
9.140	0.000
9.150	0.000
9.160	0.000
9.170	0.000
9.180	0.000
9.190	0.000
9.200	0.000
9.210	0.000
9.220	0.000
9.230	0.000
9.240	0.000
9.250	0.000
9.260	0.000
9.270	0.000
9.280	0.000
9.290	0.000
9.300	0.000
9.310	0.000
9.320	0.000
9.330	0.000
9.340	0.000
9.350	0.000
9.360	0.000
9.370	0.000
9.380	0.000
9.390	0.000
9.400	0.000
9.410	0.000
9.420	0.000
9.430	0.000
9.440	0.000
9.450	0.000
9.460	0.000
9.470	0.000
9.480	0.000
9.490	0.000
9.500	0.000
9.510	0.000
9.520	0.000
9.530	0.000
9.540	0.000
9.550	0.000
9.560	0.000
9.570	0.000
9.580	0.000
9.590	0.000
9.600	0.000
9.610	0.000
9.620	0.000
9.630	0.000
9.640	0.000
9.650	0.000
9.660	0.000
9.670	0.000
9.680	0.000
9.690	0.000
9.700	0.000
9.710	0.000
9.720	0.000
9.730	0.000
9.740	0.000
9.750	0.000
9.760	0.000
9.770	0.000
9.780	0.000
9.790	0.000
9.800	0.000
9.810	0.000
9.820	0.000
9.830	0.000
9.840	0.000
9.850	0.000
9.860	0.000
9.870	0.000
9.880	0.000
9.890	0.000
9.900	0.000
9.910	0.000
9.920	0.000
9.930	0.000
9.940	0.000
9.950	0.000
9.960	0.000
9.970	0.000
9.980	0.000
9.990	0.000
10.000	0.000
10.010	0.000
10.020	0.000
10.030	0.000
10.040	0.000
10.050	0.000
10.060	0.000
10.070	0.000
10.080	0.000
10.090	0.000
10.100	0.000
10.110	0.000
10.120	0.000
10.130	0.000
10.140	0.000
10.150	0.000
10.160	0.000
10.170	0.000
10.180	0.000
10.190	0.000
10.200	0.000
10.210	0.000
10.220	0.000
10.230	0.000
10.240	0.000
10.250	0.000
10.260	0.000
10.270	0.000
10.280	0.000
10.290	0.000
10.300	0.000
10.310	0.000
10.320	0.000
10.330	0.000
10.340	0.000
