%Time(s)	Speed(rpm)		
	%3/21/20174:36 PM
0.010	100.800
0.020	100.700
0.030	100.600
0.040	100.000
0.050	99.900
0.060	99.600
0.070	99.200
0.080	98.800
0.090	98.900
0.100	98.900
0.110	98.500
0.120	98.300
0.130	98.900
0.140	98.000
0.150	98.000
0.160	97.800
0.170	97.600
0.180	97.300
0.190	97.300
0.200	97.200
0.210	97.000
0.220	97.000
0.230	97.000
0.240	96.800
0.250	97.000
0.260	96.900
0.270	97.200
0.280	98.000
0.290	98.800
0.300	99.700
0.310	100.300
0.320	100.800
0.330	100.800
0.340	100.300
0.350	100.300
0.360	100.000
0.370	99.900
0.380	99.700
0.390	99.600
0.400	99.300
0.410	99.000
0.420	98.900
0.430	98.800
0.440	98.500
0.450	98.600
0.460	98.400
0.470	98.100
0.480	97.800
0.490	97.800
0.500	98.100
0.510	97.600
0.520	97.400
0.530	97.400
0.540	97.300
0.550	97.400
0.560	97.700
0.570	98.300
0.580	99.100
0.590	99.900
0.600	100.500
0.610	100.800
0.620	100.900
0.630	100.700
0.640	100.400
0.650	100.300
0.660	100.000
0.670	100.200
0.680	100.000
0.690	99.800
0.700	99.700
0.710	99.600
0.720	99.500
0.730	99.200
0.740	99.200
0.750	98.400
0.760	99.300
0.770	98.600
0.780	98.400
0.790	98.500
0.800	98.000
0.810	97.800
0.820	97.500
0.830	97.200
0.840	97.100
0.850	97.100
0.860	96.500
0.870	96.500
0.880	96.100
0.890	96.200
0.900	96.100
0.910	96.600
0.920	96.600
0.930	97.100
0.940	98.000
0.950	98.700
0.960	99.700
0.970	100.500
0.980	101.500
0.990	101.100
1.000	100.900
1.010	100.800
1.020	100.800
1.030	100.600
1.040	100.600
1.050	100.000
1.060	100.000
1.070	99.800
1.080	99.800
1.090	99.600
1.100	99.600
1.110	99.400
1.120	99.000
1.130	98.800
1.140	98.500
1.150	98.300
1.160	98.300
1.170	98.100
1.180	98.100
1.190	97.500
1.200	97.700
1.210	97.600
1.220	97.200
1.230	97.400
1.240	97.200
1.250	96.900
1.260	96.700
1.270	96.800
1.280	96.900
1.290	96.500
1.300	96.700
1.310	97.200
1.320	98.100
1.330	99.300
1.340	100.000
1.350	100.600
1.360	100.400
1.370	100.400
1.380	100.200
1.390	100.900
1.400	100.600
1.410	100.700
1.420	100.400
1.430	99.900
1.440	99.900
1.450	100.400
1.460	99.700
1.470	99.400
1.480	99.100
1.490	98.800
1.500	98.500
1.510	98.700
1.520	97.800
1.530	98.000
1.540	98.000
1.550	97.800
1.560	97.700
1.570	97.600
1.580	97.400
1.590	97.200
1.600	96.800
1.610	96.600
1.620	96.400
1.630	96.300
1.640	95.900
1.650	96.000
1.660	95.800
1.670	96.500
1.680	97.300
1.690	98.500
1.700	99.400
1.710	100.300
1.720	100.500
1.730	100.200
1.740	100.300
1.750	100.300
1.760	100.100
1.770	99.600
1.780	99.300
1.790	99.000
1.800	98.700
1.810	98.800
1.820	98.700
1.830	98.300
1.840	98.200
1.850	97.800
1.860	97.500
1.870	96.400
1.880	88.200
1.890	92.500
1.900	91.400
1.910	90.300
1.920	90.000
1.930	89.800
1.940	89.700
1.950	89.700
1.960	89.200
1.970	89.200
1.980	89.400
1.990	97.000
2.000	97.400
2.010	96.100
2.020	95.600
2.030	96.400
2.040	96.900
2.050	97.000
2.060	96.700
2.070	97.200
2.080	97.300
2.090	97.300
2.100	97.700
2.110	97.800
2.120	98.300
2.130	98.700
2.140	98.900
2.150	99.300
2.160	99.500
2.170	99.600
2.180	99.600
2.190	99.700
2.200	99.800
2.210	99.600
2.220	99.500
2.230	99.200
2.240	99.300
2.250	99.400
2.260	99.100
2.270	98.900
2.280	98.700
2.290	98.700
2.300	98.300
2.310	98.200
2.320	98.100
2.330	98.000
2.340	97.700
2.350	97.500
2.360	97.700
2.370	98.200
2.380	98.100
2.390	98.700
2.400	99.300
2.410	99.800
2.420	100.600
2.430	101.600
2.440	101.500
2.450	101.200
2.460	101.000
2.470	101.200
2.480	100.900
2.490	100.800
2.500	100.400
2.510	100.400
2.520	100.400
2.530	100.200
2.540	100.200
2.550	100.000
2.560	99.900
2.570	99.700
2.580	99.100
2.590	99.100
2.600	98.800
2.610	98.600
2.620	98.600
2.630	98.500
2.640	98.500
2.650	98.300
2.660	98.000
2.670	97.900
2.680	97.800
2.690	97.800
2.700	97.200
2.710	97.800
2.720	97.100
2.730	97.200
2.740	96.800
2.750	96.700
2.760	96.300
2.770	95.900
2.780	95.600
2.790	95.700
2.800	95.700
2.810	96.100
2.820	95.700
2.830	96.500
2.840	97.200
2.850	98.600
2.860	99.800
2.870	100.700
2.880	100.900
2.890	100.800
2.900	100.600
2.910	100.800
2.920	100.900
2.930	100.500
2.940	100.300
2.950	99.600
2.960	100.000
2.970	99.600
2.980	99.100
2.990	98.900
3.000	98.700
3.010	98.800
3.020	98.800
3.030	98.700
3.040	98.700
3.050	98.600
3.060	98.100
3.070	97.000
3.080	95.900
3.090	93.300
3.100	91.500
3.110	89.700
3.120	87.100
3.130	84.400
3.140	81.300
3.150	77.600
3.160	74.300
3.170	71.400
3.180	67.600
3.190	63.200
3.200	59.400
3.210	55.400
3.220	52.000
3.230	48.400
3.240	44.800
3.250	41.000
3.260	37.600
3.270	34.000
3.280	31.700
3.290	29.400
3.300	27.900
3.310	26.600
3.320	26.300
3.330	26.400
3.340	26.600
3.350	26.300
3.360	26.100
3.370	25.900
3.380	25.900
3.390	26.000
3.400	26.100
3.410	25.900
3.420	25.700
3.430	25.500
3.440	25.500
3.450	25.700
3.460	25.700
3.470	25.600
3.480	25.300
3.490	25.300
3.500	25.300
3.510	25.300
3.520	25.400
3.530	25.300
3.540	25.100
3.550	24.900
3.560	24.900
3.570	25.100
3.580	25.200
3.590	25.000
3.600	24.800
3.610	24.700
3.620	24.800
3.630	24.800
3.640	24.700
3.650	24.600
3.660	24.500
3.670	24.500
3.680	24.500
3.690	24.400
3.700	24.300
3.710	24.200
3.720	24.100
3.730	24.100
3.740	24.100
3.750	24.000
3.760	24.000
3.770	23.900
3.780	23.900
3.790	23.900
3.800	23.800
3.810	23.700
3.820	23.700
3.830	23.600
3.840	23.600
3.850	23.600
3.860	23.500
3.870	23.400
3.880	23.400
3.890	23.300
3.900	23.300
3.910	23.300
3.920	23.200
3.930	23.100
3.940	23.100
3.950	23.000
3.960	23.000
3.970	22.900
3.980	22.800
3.990	22.700
4.000	22.700
4.010	22.700
4.020	22.600
4.030	22.500
4.040	22.500
4.050	22.400
4.060	22.300
4.070	22.300
4.080	22.200
4.090	22.100
4.100	22.200
4.110	22.200
4.120	22.100
4.130	22.000
4.140	21.900
4.150	21.800
4.160	21.700
4.170	21.700
4.180	21.600
4.190	21.500
4.200	21.400
4.210	21.400
4.220	21.300
4.230	21.300
4.240	21.200
4.250	21.100
4.260	21.100
4.270	21.000
4.280	21.000
4.290	20.900
4.300	20.900
4.310	20.800
4.320	20.800
4.330	20.700
4.340	20.600
4.350	20.600
4.360	20.500
4.370	20.500
4.380	20.400
4.390	20.400
4.400	20.300
4.410	20.300
4.420	20.200
4.430	20.100
4.440	20.100
4.450	20.000
4.460	19.900
4.470	19.900
4.480	19.900
4.490	19.800
4.500	19.800
4.510	19.700
4.520	19.700
4.530	19.600
4.540	19.600
4.550	19.500
4.560	19.500
4.570	19.400
4.580	19.400
4.590	19.300
4.600	19.300
4.610	19.200
4.620	19.100
4.630	19.100
4.640	19.100
4.650	19.000
4.660	19.000
4.670	18.900
4.680	18.900
4.690	18.800
4.700	18.800
4.710	18.700
4.720	18.600
4.730	18.600
4.740	18.500
4.750	18.500
4.760	18.400
4.770	18.400
4.780	18.300
4.790	18.300
4.800	18.200
4.810	18.200
4.820	18.200
4.830	18.100
4.840	18.000
4.850	17.900
4.860	17.800
4.870	17.800
4.880	17.800
4.890	17.700
4.900	17.700
4.910	17.600
4.920	17.600
4.930	17.500
4.940	17.400
4.950	17.400
4.960	17.300
4.970	17.300
4.980	17.200
4.990	17.200
5.000	17.100
5.010	17.000
5.020	17.000
5.030	17.000
5.040	16.900
5.050	16.900
5.060	16.800
5.070	16.800
5.080	16.700
5.090	16.700
5.100	16.600
5.110	16.600
5.120	16.600
5.130	16.500
5.140	16.400
5.150	16.400
5.160	16.400
5.170	16.300
5.180	16.300
5.190	16.200
5.200	16.200
5.210	16.100
5.220	16.100
5.230	16.100
5.240	16.000
5.250	16.000
5.260	15.900
5.270	15.900
5.280	15.800
5.290	15.800
5.300	15.700
5.310	15.700
5.320	15.600
5.330	15.600
5.340	15.500
5.350	15.500
5.360	15.400
5.370	15.300
5.380	15.300
5.390	15.200
5.400	15.200
5.410	15.200
5.420	15.100
5.430	15.000
5.440	15.000
5.450	14.900
5.460	14.800
5.470	14.700
5.480	14.700
5.490	14.600
5.500	14.600
5.510	14.600
5.520	14.500
5.530	14.400
5.540	14.400
5.550	14.300
5.560	14.200
5.570	14.200
5.580	14.200
5.590	14.100
5.600	14.000
5.610	13.900
5.620	13.900
5.630	13.800
5.640	13.800
5.650	13.700
5.660	13.600
5.670	13.600
5.680	13.500
5.690	13.400
5.700	13.400
5.710	13.400
5.720	13.300
5.730	13.300
5.740	13.200
5.750	13.100
5.760	13.100
5.770	13.000
5.780	12.900
5.790	12.900
5.800	12.900
5.810	12.800
5.820	12.700
5.830	12.700
5.840	12.700
5.850	12.600
5.860	12.500
5.870	12.500
5.880	12.400
5.890	12.400
5.900	12.300
5.910	12.300
5.920	12.300
5.930	12.200
5.940	12.200
5.950	12.100
5.960	12.100
5.970	12.000
5.980	12.000
5.990	11.900
6.000	11.900
6.010	11.800
6.020	11.800
6.030	11.700
6.040	11.700
6.050	11.600
6.060	11.500
6.070	11.500
6.080	11.400
6.090	11.400
6.100	11.300
6.110	11.300
6.120	11.200
6.130	11.100
6.140	11.100
6.150	11.100
6.160	11.000
6.170	11.000
6.180	10.900
6.190	10.900
6.200	10.800
6.210	10.800
6.220	10.700
6.230	10.600
6.240	10.600
6.250	10.500
6.260	10.400
6.270	10.400
6.280	10.400
6.290	10.300
6.300	10.300
6.310	10.200
6.320	10.200
6.330	10.100
6.340	10.100
6.350	10.000
6.360	10.000
6.370	9.900
6.380	9.900
6.390	9.800
6.400	9.800
6.410	9.700
6.420	9.700
6.430	9.600
6.440	9.600
6.450	9.500
6.460	9.500
6.470	9.500
6.480	9.400
6.490	9.400
6.500	9.300
6.510	9.300
6.520	9.300
6.530	9.200
6.540	9.200
6.550	9.100
6.560	9.100
6.570	9.000
6.580	9.000
6.590	9.000
6.600	8.900
6.610	8.800
6.620	8.700
6.630	8.700
6.640	8.600
6.650	8.500
6.660	8.500
6.670	8.500
6.680	8.400
6.690	8.400
6.700	8.300
6.710	8.300
6.720	8.300
6.730	8.200
6.740	8.100
6.750	8.100
6.760	8.000
6.770	8.000
6.780	8.000
6.790	7.900
6.800	7.800
6.810	7.800
6.820	7.800
6.830	7.700
6.840	7.700
6.850	7.700
6.860	7.600
6.870	7.500
6.880	7.500
6.890	7.500
6.900	7.400
6.910	7.300
6.920	7.300
6.930	7.300
6.940	7.200
6.950	7.100
6.960	7.100
6.970	7.100
6.980	7.000
6.990	7.000
7.000	6.900
7.010	6.800
7.020	6.800
7.030	6.800
7.040	6.700
7.050	6.700
7.060	6.600
7.070	6.500
7.080	6.500
7.090	6.400
7.100	6.400
7.110	6.400
7.120	6.300
7.130	6.300
7.140	6.200
7.150	6.100
7.160	6.100
7.170	6.000
7.180	6.000
7.190	5.900
7.200	5.900
7.210	5.900
7.220	5.800
7.230	5.800
7.240	5.700
7.250	5.700
7.260	5.600
7.270	5.600
7.280	5.500
7.290	5.500
7.300	5.400
7.310	5.400
7.320	5.300
7.330	5.300
7.340	5.200
7.350	5.200
7.360	5.100
7.370	5.100
7.380	5.000
7.390	5.000
7.400	4.900
7.410	4.900
7.420	4.800
7.430	4.800
7.440	4.700
7.450	4.700
7.460	4.600
7.470	4.600
7.480	4.600
7.490	4.500
7.500	4.500
7.510	4.400
7.520	4.400
7.530	4.400
7.540	4.200
7.550	4.200
7.560	4.100
7.570	4.100
7.580	4.100
7.590	4.000
7.600	4.000
7.610	4.000
7.620	3.800
7.630	3.800
7.640	3.700
7.650	3.700
7.660	3.700
7.670	3.700
7.680	3.600
7.690	3.600
7.700	3.600
7.710	3.400
7.720	3.400
7.730	3.400
7.740	3.200
7.750	3.200
7.760	3.200
7.770	3.200
7.780	3.100
7.790	3.100
7.800	3.100
7.810	3.100
7.820	2.900
7.830	2.900
7.840	2.900
7.850	2.900
7.860	2.700
7.870	2.700
7.880	2.700
7.890	2.700
7.900	2.700
7.910	2.500
7.920	2.500
7.930	2.500
7.940	2.500
7.950	2.500
7.960	2.500
7.970	2.200
7.980	2.200
7.990	2.200
8.000	2.200
8.010	2.200
8.020	2.200
8.030	2.200
8.040	2.000
8.050	2.000
8.060	2.000
8.070	2.000
8.080	2.000
8.090	2.000
8.100	2.000
8.110	2.000
8.120	2.000
8.130	2.000
8.140	2.000
8.150	1.600
8.160	1.600
8.170	1.600
8.180	1.600
8.190	1.600
8.200	1.600
8.210	1.600
8.220	1.600
8.230	1.600
8.240	1.600
8.250	1.600
8.260	1.600
8.270	1.600
