%Time(s)	Speed(rpm)		
	%3/23/20175:09 PM
0.010	99.300
0.020	99.000
0.030	99.100
0.040	98.500
0.050	98.100
0.060	97.900
0.070	97.800
0.080	97.700
0.090	97.500
0.100	97.400
0.110	97.300
0.120	97.200
0.130	97.300
0.140	97.000
0.150	96.900
0.160	96.900
0.170	96.900
0.180	96.900
0.190	97.100
0.200	97.000
0.210	97.400
0.220	97.800
0.230	98.900
0.240	99.500
0.250	100.100
0.260	100.500
0.270	100.400
0.280	100.300
0.290	100.200
0.300	100.400
0.310	100.500
0.320	100.200
0.330	100.100
0.340	99.900
0.350	99.800
0.360	99.300
0.370	99.400
0.380	98.900
0.390	98.700
0.400	98.500
0.410	98.400
0.420	98.400
0.430	98.300
0.440	98.400
0.450	98.600
0.460	98.400
0.470	98.300
0.480	98.200
0.490	97.900
0.500	97.900
0.510	97.800
0.520	97.400
0.530	97.300
0.540	97.100
0.550	97.000
0.560	96.900
0.570	97.100
0.580	97.200
0.590	97.300
0.600	97.800
0.610	98.400
0.620	99.400
0.630	100.400
0.640	100.700
0.650	100.900
0.660	101.000
0.670	101.000
0.680	100.600
0.690	100.600
0.700	100.500
0.710	100.400
0.720	100.200
0.730	100.000
0.740	99.800
0.750	99.600
0.760	99.200
0.770	99.000
0.780	99.000
0.790	98.900
0.800	98.500
0.810	98.300
0.820	98.100
0.830	97.900
0.840	97.800
0.850	97.700
0.860	97.300
0.870	97.100
0.880	97.200
0.890	97.200
0.900	97.200
0.910	97.200
0.920	97.100
0.930	97.500
0.940	97.400
0.950	97.600
0.960	97.900
0.970	97.700
0.980	98.200
0.990	98.800
1.000	99.400
1.010	100.000
1.020	100.500
1.030	100.400
1.040	100.300
1.050	100.600
1.060	100.400
1.070	100.500
1.080	100.500
1.090	100.300
1.100	100.000
1.110	99.800
1.120	99.500
1.130	99.400
1.140	99.200
1.150	99.000
1.160	98.800
1.170	98.200
1.180	98.200
1.190	98.000
1.200	97.900
1.210	97.600
1.220	97.400
1.230	97.300
1.240	96.900
1.250	96.800
1.260	96.800
1.270	96.800
1.280	96.400
1.290	96.400
1.300	96.200
1.310	96.100
1.320	96.200
1.330	96.800
1.340	97.600
1.350	98.600
1.360	99.400
1.370	100.200
1.380	100.500
1.390	100.800
1.400	100.800
1.410	100.900
1.420	100.700
1.430	100.700
1.440	100.200
1.450	100.200
1.460	99.900
1.470	99.700
1.480	99.200
1.490	99.100
1.500	98.700
1.510	98.500
1.520	98.400
1.530	98.400
1.540	98.200
1.550	98.000
1.560	97.900
1.570	97.700
1.580	97.500
1.590	97.300
1.600	97.300
1.610	96.900
1.620	97.200
1.630	97.000
1.640	96.800
1.650	96.800
1.660	96.700
1.670	96.900
1.680	96.900
1.690	97.200
1.700	97.700
1.710	98.500
1.720	99.500
1.730	100.600
1.740	100.600
1.750	100.600
1.760	100.500
1.770	100.100
1.780	100.000
1.790	99.900
1.800	99.600
1.810	99.400
1.820	99.000
1.830	98.800
1.840	99.000
1.850	98.900
1.860	98.600
1.870	98.500
1.880	98.700
1.890	98.600
1.900	98.300
1.910	98.000
1.920	98.000
1.930	97.500
1.940	97.200
1.950	97.000
1.960	96.900
1.970	96.600
1.980	96.400
1.990	95.700
2.000	96.600
2.010	96.400
2.020	96.700
2.030	97.200
2.040	98.200
2.050	99.500
2.060	100.400
2.070	100.700
2.080	101.000
2.090	100.800
2.100	100.200
2.110	100.700
2.120	100.400
2.130	100.300
2.140	100.100
2.150	100.000
2.160	99.800
2.170	99.600
2.180	99.300
2.190	99.100
2.200	98.700
2.210	99.100
2.220	98.500
2.230	98.300
2.240	97.800
2.250	98.400
2.260	97.600
2.270	97.400
2.280	97.400
2.290	97.000
2.300	96.800
2.310	96.800
2.320	96.800
2.330	96.800
2.340	96.900
2.350	96.900
2.360	97.300
2.370	97.400
2.380	97.900
2.390	99.000
2.400	99.300
2.410	99.800
2.420	100.600
2.430	100.000
2.440	100.100
2.450	99.800
2.460	99.600
2.470	99.700
2.480	99.800
2.490	99.600
2.500	99.600
2.510	99.700
2.520	99.400
2.530	99.200
2.540	99.200
2.550	99.000
2.560	98.700
2.570	98.300
2.580	98.000
2.590	97.800
2.600	97.900
2.610	97.500
2.620	97.400
2.630	97.200
2.640	97.300
2.650	97.200
2.660	96.900
2.670	96.500
2.680	96.600
2.690	96.600
2.700	96.400
2.710	96.400
2.720	96.800
2.730	97.600
2.740	98.500
2.750	99.600
2.760	100.300
2.770	100.200
2.780	100.300
2.790	100.300
2.800	100.300
2.810	100.100
2.820	100.200
2.830	100.100
2.840	99.900
2.850	100.000
2.860	99.900
2.870	99.700
2.880	99.300
2.890	99.200
2.900	98.900
2.910	98.600
2.920	98.500
2.930	98.100
2.940	97.800
2.950	97.800
2.960	97.800
2.970	97.700
2.980	97.500
2.990	97.400
3.000	97.300
3.010	97.000
3.020	96.800
3.030	96.700
3.040	96.300
3.050	95.800
3.060	95.000
3.070	93.700
3.080	92.200
3.090	90.500
3.100	87.600
3.110	85.500
3.120	82.900
3.130	80.100
3.140	76.300
3.150	73.100
3.160	69.600
3.170	66.100
3.180	62.600
3.190	58.500
3.200	54.600
3.210	51.500
3.220	48.600
3.230	44.000
3.240	40.300
3.250	37.400
3.260	35.400
3.270	33.400
3.280	32.400
3.290	31.300
3.300	30.600
3.310	30.500
3.320	31.000
3.330	31.300
3.340	31.000
3.350	30.500
3.360	30.300
3.370	30.500
3.380	30.700
3.390	30.700
3.400	30.400
3.410	30.300
3.420	30.200
3.430	30.200
3.440	30.300
3.450	30.300
3.460	30.100
3.470	29.900
3.480	29.800
3.490	29.900
3.500	30.000
3.510	29.900
3.520	29.800
3.530	29.700
3.540	29.600
3.550	29.600
3.560	29.600
3.570	29.500
3.580	29.500
3.590	29.400
3.600	29.300
3.610	29.300
3.620	29.300
3.630	29.200
3.640	29.200
3.650	29.100
3.660	29.000
3.670	29.000
3.680	29.100
3.690	29.000
3.700	28.900
3.710	28.700
3.720	28.700
3.730	28.800
3.740	28.700
3.750	28.600
3.760	28.500
3.770	28.500
3.780	28.500
3.790	28.400
3.800	28.300
3.810	28.200
3.820	28.100
3.830	28.000
3.840	28.000
3.850	27.900
3.860	27.900
3.870	27.800
3.880	27.800
3.890	27.700
3.900	27.700
3.910	27.600
3.920	27.600
3.930	27.500
3.940	27.400
3.950	27.300
3.960	27.300
3.970	27.300
3.980	27.300
3.990	27.200
4.000	27.100
4.010	27.000
4.020	27.000
4.030	26.900
4.040	26.900
4.050	26.800
4.060	26.700
4.070	26.600
4.080	26.500
4.090	26.500
4.100	26.400
4.110	26.400
4.120	26.300
4.130	26.300
4.140	26.200
4.150	26.200
4.160	26.100
4.170	26.100
4.180	26.000
4.190	25.900
4.200	25.900
4.210	25.800
4.220	25.800
4.230	25.700
4.240	25.700
4.250	25.600
4.260	25.500
4.270	25.500
4.280	25.400
4.290	25.300
4.300	25.300
4.310	25.200
4.320	25.200
4.330	25.100
4.340	25.100
4.350	25.000
4.360	24.900
4.370	24.800
4.380	24.800
4.390	24.700
4.400	24.600
4.410	24.600
4.420	24.500
4.430	24.500
4.440	24.400
4.450	24.300
4.460	24.200
4.470	24.200
4.480	24.100
4.490	24.000
4.500	24.000
4.510	23.900
4.520	23.800
4.530	23.800
4.540	23.700
4.550	23.600
4.560	23.500
4.570	23.500
4.580	23.500
4.590	23.400
4.600	23.300
4.610	23.300
4.620	23.200
4.630	23.100
4.640	23.100
4.650	23.000
4.660	23.000
4.670	22.900
4.680	22.900
4.690	22.800
4.700	22.800
4.710	22.700
4.720	22.600
4.730	22.600
4.740	22.500
4.750	22.400
4.760	22.400
4.770	22.300
4.780	22.200
4.790	22.200
4.800	22.100
4.810	22.000
4.820	21.900
4.830	21.900
4.840	21.800
4.850	21.700
4.860	21.700
4.870	21.600
4.880	21.500
4.890	21.500
4.900	21.400
4.910	21.300
4.920	21.300
4.930	21.200
4.940	21.200
4.950	21.100
4.960	21.000
4.970	20.900
4.980	20.900
4.990	20.800
5.000	20.700
5.010	20.700
5.020	20.600
5.030	20.500
5.040	20.500
5.050	20.400
5.060	20.400
5.070	20.300
5.080	20.300
5.090	20.300
5.100	20.200
5.110	20.200
5.120	20.100
5.130	20.000
5.140	20.000
5.150	19.900
5.160	19.900
5.170	19.800
5.180	19.700
5.190	19.700
5.200	19.600
5.210	19.600
5.220	19.500
5.230	19.500
5.240	19.400
5.250	19.300
5.260	19.300
5.270	19.200
5.280	19.200
5.290	19.100
5.300	19.100
5.310	19.000
5.320	18.900
5.330	18.900
5.340	18.800
5.350	18.800
5.360	18.700
5.370	18.700
5.380	18.700
5.390	18.600
5.400	18.500
5.410	18.500
5.420	18.400
5.430	18.400
5.440	18.300
5.450	18.300
5.460	18.300
5.470	18.200
5.480	18.200
5.490	18.100
5.500	18.100
5.510	18.000
5.520	18.000
5.530	17.900
5.540	17.900
5.550	17.800
5.560	17.800
5.570	17.700
5.580	17.700
5.590	17.600
5.600	17.500
5.610	17.500
5.620	17.500
5.630	17.400
5.640	17.400
5.650	17.300
5.660	17.300
5.670	17.200
5.680	17.100
5.690	17.100
5.700	17.100
5.710	17.000
5.720	16.900
5.730	16.900
5.740	16.900
5.750	16.800
5.760	16.800
5.770	16.700
5.780	16.700
5.790	16.600
5.800	16.600
5.810	16.500
5.820	16.500
5.830	16.400
5.840	16.400
5.850	16.300
5.860	16.300
5.870	16.200
5.880	16.200
5.890	16.100
5.900	16.000
5.910	16.000
5.920	15.900
5.930	15.900
5.940	15.900
5.950	15.800
5.960	15.800
5.970	15.700
5.980	15.700
5.990	15.600
6.000	15.600
6.010	15.500
6.020	15.400
6.030	15.400
6.040	15.300
6.050	15.300
6.060	15.200
6.070	15.200
6.080	15.100
6.090	15.100
6.100	15.000
6.110	15.000
6.120	14.900
6.130	14.900
6.140	14.800
6.150	14.800
6.160	14.800
6.170	14.700
6.180	14.600
6.190	14.600
6.200	14.500
6.210	14.400
6.220	14.300
6.230	14.300
6.240	14.200
6.250	14.200
6.260	14.100
6.270	14.100
6.280	14.000
6.290	14.000
6.300	13.900
6.310	13.900
6.320	13.800
6.330	13.800
6.340	13.700
6.350	13.700
6.360	13.700
6.370	13.600
6.380	13.600
6.390	13.500
6.400	13.400
6.410	13.400
6.420	13.400
6.430	13.300
6.440	13.300
6.450	13.200
6.460	13.200
6.470	13.100
6.480	13.100
6.490	13.000
6.500	13.000
6.510	12.900
6.520	12.900
6.530	12.800
6.540	12.800
6.550	12.700
6.560	12.700
6.570	12.600
6.580	12.600
6.590	12.500
6.600	12.500
6.610	12.500
6.620	12.400
6.630	12.300
6.640	12.300
6.650	12.200
6.660	12.200
6.670	12.200
6.680	12.100
6.690	12.000
6.700	12.000
6.710	11.900
6.720	11.900
6.730	11.800
6.740	11.700
6.750	11.700
6.760	11.600
6.770	11.600
6.780	11.500
6.790	11.400
6.800	11.300
6.810	11.300
6.820	11.200
6.830	11.200
6.840	11.200
6.850	11.100
6.860	11.100
6.870	11.000
6.880	11.000
6.890	10.900
6.900	10.900
6.910	10.800
6.920	10.700
6.930	10.700
6.940	10.600
6.950	10.600
6.960	10.500
6.970	10.500
6.980	10.400
6.990	10.400
7.000	10.300
7.010	10.200
7.020	10.200
7.030	10.100
7.040	10.100
7.050	10.000
7.060	10.000
7.070	9.900
7.080	9.800
7.090	9.800
7.100	9.700
7.110	9.700
7.120	9.600
7.130	9.500
7.140	9.500
7.150	9.400
7.160	9.300
7.170	9.300
7.180	9.200
7.190	9.200
7.200	9.100
7.210	9.000
7.220	9.000
7.230	9.000
7.240	8.900
7.250	8.800
7.260	8.700
7.270	8.700
7.280	8.600
7.290	8.600
7.300	8.500
7.310	8.400
7.320	8.400
7.330	8.300
7.340	8.200
7.350	8.200
7.360	8.100
7.370	8.000
7.380	8.000
7.390	7.900
7.400	7.900
7.410	7.800
7.420	7.700
7.430	7.700
7.440	7.700
7.450	7.600
7.460	7.500
7.470	7.400
7.480	7.400
7.490	7.300
7.500	7.200
7.510	7.200
7.520	7.200
7.530	7.100
7.540	7.000
7.550	7.000
7.560	6.900
7.570	6.800
7.580	6.800
7.590	6.700
7.600	6.600
7.610	6.600
7.620	6.500
7.630	6.500
7.640	6.400
7.650	6.300
7.660	6.300
7.670	6.200
7.680	6.200
7.690	6.100
7.700	6.000
7.710	6.000
7.720	5.900
7.730	5.900
7.740	5.800
7.750	5.800
7.760	5.700
7.770	5.600
7.780	5.600
7.790	5.500
7.800	5.500
7.810	5.400
7.820	5.400
7.830	5.200
7.840	5.200
7.850	5.100
7.860	5.100
7.870	5.000
7.880	5.000
7.890	4.900
7.900	4.900
7.910	4.900
7.920	4.700
7.930	4.700
7.940	4.600
7.950	4.600
7.960	4.500
7.970	4.500
7.980	4.500
7.990	4.300
8.000	4.300
8.010	4.200
8.020	4.200
8.030	4.200
8.040	4.000
8.050	4.000
8.060	4.000
8.070	3.900
8.080	3.900
8.090	3.900
8.100	3.700
8.110	3.700
8.120	3.700
8.130	3.500
8.140	3.500
8.150	3.500
8.160	3.400
8.170	3.400
8.180	3.400
8.190	3.200
8.200	3.200
8.210	3.200
8.220	3.200
8.230	3.000
8.240	3.000
8.250	3.000
8.260	3.000
8.270	3.000
8.280	2.700
8.290	2.700
8.300	2.700
8.310	2.700
8.320	2.500
8.330	2.500
8.340	2.500
8.350	2.500
8.360	2.500
8.370	2.500
8.380	2.300
8.390	2.300
8.400	2.300
8.410	2.300
8.420	2.300
8.430	2.300
8.440	2.300
8.450	2.000
8.460	2.000
8.470	2.000
8.480	2.000
8.490	2.000
8.500	2.000
8.510	2.000
8.520	2.000
8.530	2.000
8.540	2.000
8.550	2.000
8.560	2.000
8.570	1.600
8.580	1.600
8.590	1.600
8.600	1.600
8.610	1.600
8.620	1.600
8.630	1.600
8.640	1.600
8.650	1.600
8.660	1.600
8.670	1.600
8.680	1.600
8.690	1.600
8.700	1.600
8.710	1.600
8.720	1.600
8.730	0.000
8.740	0.000
8.750	0.000
8.760	0.000
8.770	0.000
8.780	0.000
8.790	0.000
8.800	0.000
8.810	0.000
8.820	0.000
8.830	0.000
8.840	0.000
8.850	0.000
8.860	0.000
8.870	0.000
8.880	0.000
8.890	0.000
8.900	0.000
8.910	0.000
8.920	0.000
8.930	0.000
8.940	0.000
8.950	0.000
8.960	0.000
8.970	0.000
8.980	0.000
8.990	0.000
9.000	0.000
9.010	0.000
9.020	0.000
9.030	0.000
9.040	0.000
9.050	0.000
9.060	0.000
9.070	0.000
9.080	0.000
9.090	0.000
9.100	0.000
9.110	0.000
9.120	0.000
9.130	0.000
9.140	0.000
9.150	0.000
9.160	0.000
9.170	0.000
9.180	0.000
9.190	0.000
9.200	0.000
9.210	0.000
9.220	0.000
9.230	0.000
9.240	0.000
9.250	0.000
9.260	0.000
9.270	0.000
9.280	0.000
9.290	0.000
9.300	0.000
9.310	0.000
9.320	0.000
9.330	0.000
9.340	0.000
9.350	0.000
9.360	0.000
9.370	0.000
9.380	0.000
9.390	0.000
9.400	0.000
9.410	0.000
9.420	0.000
9.430	0.000
9.440	0.000
9.450	0.000
9.460	0.000
9.470	0.000
9.480	0.000
9.490	0.000
9.500	0.000
9.510	0.000
9.520	0.000
9.530	0.000
9.540	0.000
9.550	0.000
9.560	0.000
9.570	0.000
9.580	0.000
9.590	0.000
9.600	0.000
9.610	0.000
9.620	0.000
9.630	0.000
9.640	0.000
9.650	0.000
9.660	0.000
9.670	0.000
9.680	0.000
9.690	0.000
9.700	0.000
9.710	0.000
9.720	0.000
9.730	0.000
9.740	0.000
9.750	0.000
9.760	0.000
9.770	0.000
9.780	0.000
9.790	0.000
9.800	0.000
9.810	0.000
9.820	0.000
9.830	0.000
9.840	0.000
9.850	0.000
9.860	0.000
9.870	0.000
9.880	0.000
9.890	0.000
9.900	0.000
9.910	0.000
9.920	0.000
9.930	0.000
9.940	0.000
9.950	0.000
9.960	0.000
9.970	0.000
9.980	0.000
9.990	0.000
10.000	0.000
10.010	0.000
10.020	0.000
10.030	0.000
10.040	0.000
10.050	0.000
10.060	0.000
10.070	0.000
10.080	0.000
10.090	0.000
10.100	0.000
10.110	0.000
10.120	0.000
10.130	0.000
10.140	0.000
10.150	0.000
10.160	0.000
10.170	0.000
10.180	0.000
10.190	0.000
10.200	0.000
10.210	0.000
10.220	0.000
10.230	0.000
10.240	0.000
10.250	0.000
10.260	0.000
10.270	0.000
10.280	0.000
10.290	0.000
10.300	0.000
10.310	0.000
10.320	0.000
10.330	0.000
10.340	0.000
10.350	0.000
10.360	0.000
10.370	0.000
10.380	0.000
10.390	0.000
10.400	0.000
10.410	0.000
10.420	0.000
10.430	0.000
10.440	0.000
10.450	0.000
10.460	0.000
10.470	0.000
10.480	0.000
10.490	0.000
10.500	0.000
10.510	0.000
10.520	0.000
10.530	0.000
10.540	0.000
10.550	0.000
10.560	0.000
10.570	0.000
10.580	0.000
10.590	0.000
10.600	0.000
10.610	0.000
10.620	0.000
10.630	0.000
10.640	0.000
10.650	0.000
10.660	0.000
10.670	0.000
10.680	0.000
10.690	0.000
10.700	0.000
10.710	0.000
10.720	0.000
10.730	0.000
10.740	0.000
10.750	0.000
10.760	0.000
10.770	0.000
10.780	0.000
10.790	0.000
10.800	0.000
10.810	0.000
10.820	0.000
10.830	0.000
10.840	0.000
10.850	0.000
10.860	0.000
10.870	0.000
10.880	0.000
10.890	0.000
10.900	0.000
10.910	0.000
10.920	0.000
10.930	0.000
10.940	0.000
10.950	0.000
10.960	0.000
10.970	0.000
10.980	0.000
10.990	0.000
11.000	0.000
11.010	0.000
11.020	0.000
11.030	0.000
11.040	0.000
11.050	0.000
11.060	0.000
11.070	0.000
11.080	0.000
11.090	0.000
11.100	0.000
11.110	0.000
11.120	0.000
11.130	0.000
11.140	0.000
11.150	0.000
11.160	0.000
11.170	0.000
11.180	0.000
11.190	0.000
11.200	0.000
11.210	0.000
11.220	0.000
11.230	0.000
11.240	0.000
11.250	0.000
11.260	0.000
11.270	0.000
11.280	0.000
11.290	0.000
11.300	0.000
11.310	0.000
