%Time(s)	Speed(rpm)		
	%3/21/20174:42 PM
0.010	105.500
0.020	105.000
0.030	104.900
0.040	104.900
0.050	104.700
0.060	104.500
0.070	104.300
0.080	104.000
0.090	103.800
0.100	103.600
0.110	103.700
0.120	103.300
0.130	103.300
0.140	103.200
0.150	102.800
0.160	102.800
0.170	103.000
0.180	102.400
0.190	102.000
0.200	101.800
0.210	101.800
0.220	101.700
0.230	101.600
0.240	101.000
0.250	101.600
0.260	102.000
0.270	102.700
0.280	103.400
0.290	103.900
0.300	104.500
0.310	104.700
0.320	104.600
0.330	104.900
0.340	104.600
0.350	104.700
0.360	104.700
0.370	104.600
0.380	104.600
0.390	104.500
0.400	104.700
0.410	104.800
0.420	104.800
0.430	104.700
0.440	104.800
0.450	105.100
0.460	105.500
0.470	105.000
0.480	105.500
0.490	104.900
0.500	105.000
0.510	105.100
0.520	105.000
0.530	104.900
0.540	104.600
0.550	104.700
0.560	104.700
0.570	104.800
0.580	104.900
0.590	105.000
0.600	104.600
0.610	105.000
0.620	104.700
0.630	104.500
0.640	104.500
0.650	104.300
0.660	104.200
0.670	104.200
0.680	103.800
0.690	103.800
0.700	104.200
0.710	104.200
0.720	104.400
0.730	104.700
0.740	104.900
0.750	105.300
0.760	105.300
0.770	105.400
0.780	104.900
0.790	104.900
0.800	104.600
0.810	104.700
0.820	104.600
0.830	104.400
0.840	104.100
0.850	104.300
0.860	104.000
0.870	104.100
0.880	103.900
0.890	103.800
0.900	104.100
0.910	104.400
0.920	104.100
0.930	104.600
0.940	104.600
0.950	105.100
0.960	105.200
0.970	105.400
0.980	105.400
0.990	105.100
1.000	105.600
1.010	105.400
1.020	105.200
1.030	104.900
1.040	105.100
1.050	104.900
1.060	105.100
1.070	104.200
1.080	104.100
1.090	103.400
1.100	103.700
1.110	103.400
1.120	103.100
1.130	102.800
1.140	102.300
1.150	102.600
1.160	102.400
1.170	102.300
1.180	102.300
1.190	102.500
1.200	102.600
1.210	102.600
1.220	102.700
1.230	102.600
1.240	102.700
1.250	102.900
1.260	103.300
1.270	103.600
1.280	103.800
1.290	103.800
1.300	104.400
1.310	104.100
1.320	104.200
1.330	104.200
1.340	104.000
1.350	104.300
1.360	104.400
1.370	104.200
1.380	104.300
1.390	104.200
1.400	104.300
1.410	104.100
1.420	104.900
1.430	104.500
1.440	104.400
1.450	104.700
1.460	104.900
1.470	105.100
1.480	105.000
1.490	105.300
1.500	105.600
1.510	105.500
1.520	105.600
1.530	105.300
1.540	104.900
1.550	104.700
1.560	104.600
1.570	104.300
1.580	104.100
1.590	103.500
1.600	103.600
1.610	103.500
1.620	103.300
1.630	103.200
1.640	103.200
1.650	103.200
1.660	102.800
1.670	102.600
1.680	102.500
1.690	102.400
1.700	102.200
1.710	102.300
1.720	102.300
1.730	102.300
1.740	102.600
1.750	102.800
1.760	103.300
1.770	103.800
1.780	104.100
1.790	104.400
1.800	105.000
1.810	105.500
1.820	105.400
1.830	105.300
1.840	105.400
1.850	104.900
1.860	104.800
1.870	104.700
1.880	104.600
1.890	104.200
1.900	104.000
1.910	103.900
1.920	103.800
1.930	103.600
1.940	103.500
1.950	103.200
1.960	103.300
1.970	103.400
1.980	102.800
1.990	102.400
2.000	102.200
2.010	102.200
2.020	102.100
2.030	102.000
2.040	101.900
2.050	102.100
2.060	102.900
2.070	103.300
2.080	103.200
2.090	104.100
2.100	104.000
2.110	104.400
2.120	104.300
2.130	104.200
2.140	104.300
2.150	104.200
2.160	104.300
2.170	104.300
2.180	104.500
2.190	104.400
2.200	104.400
2.210	104.500
2.220	104.600
2.230	104.900
2.240	105.000
2.250	105.100
2.260	105.800
2.270	105.700
2.280	105.700
2.290	105.500
2.300	105.300
2.310	105.300
2.320	105.400
2.330	105.200
2.340	104.500
2.350	104.300
2.360	104.500
2.370	104.000
2.380	104.000
2.390	103.800
2.400	103.700
2.410	103.500
2.420	103.800
2.430	103.300
2.440	102.800
2.450	102.600
2.460	102.500
2.470	102.300
2.480	102.000
2.490	101.600
2.500	101.600
2.510	101.800
2.520	101.600
2.530	101.900
2.540	102.100
2.550	102.700
2.560	103.500
2.570	104.000
2.580	104.400
2.590	104.700
2.600	104.800
2.610	105.100
2.620	105.000
2.630	104.900
2.640	104.900
2.650	104.800
2.660	104.900
2.670	105.000
2.680	105.200
2.690	105.100
2.700	105.000
2.710	105.500
2.720	105.600
2.730	105.600
2.740	105.400
2.750	105.500
2.760	105.400
2.770	105.100
2.780	104.900
2.790	104.500
2.800	104.500
2.810	104.300
2.820	104.000
2.830	103.900
2.840	103.700
2.850	103.500
2.860	103.600
2.870	103.500
2.880	103.500
2.890	102.700
2.900	102.800
2.910	102.300
2.920	102.000
2.930	101.900
2.940	101.700
2.950	101.500
2.960	102.000
2.970	101.900
2.980	102.600
2.990	103.100
3.000	103.600
3.010	104.100
3.020	104.000
3.030	103.700
3.040	102.800
3.050	101.800
3.060	100.700
3.070	98.900
3.080	96.200
3.090	94.100
3.100	91.400
3.110	88.200
3.120	84.400
3.130	80.700
3.140	78.100
3.150	74.900
3.160	69.600
3.170	65.200
3.180	61.600
3.190	58.000
3.200	53.900
3.210	50.000
3.220	45.600
3.230	41.900
3.240	37.800
3.250	33.700
3.260	30.300
3.270	27.700
3.280	24.700
3.290	21.300
3.300	17.600
3.310	15.500
3.320	15.500
3.330	13.100
3.340	13.100
3.350	13.100
3.360	13.100
3.370	10.100
3.380	8.700
3.390	8.900
3.400	13.500
3.410	16.700
3.420	19.000
3.430	20.900
3.440	22.100
3.450	23.100
3.460	23.400
3.470	23.500
3.480	23.400
3.490	23.000
3.500	22.700
3.510	22.900
3.520	23.100
3.530	23.100
3.540	22.900
3.550	22.500
3.560	22.400
3.570	22.600
3.580	22.800
3.590	22.700
3.600	22.400
3.610	22.100
3.620	22.100
3.630	22.300
3.640	22.400
3.650	22.200
3.660	22.000
3.670	21.900
3.680	21.900
3.690	22.000
3.700	22.000
3.710	21.800
3.720	21.700
3.730	21.700
3.740	21.700
3.750	21.700
3.760	21.700
3.770	21.500
3.780	21.400
3.790	21.300
3.800	21.400
3.810	21.400
3.820	21.300
3.830	21.100
3.840	21.100
3.850	21.100
3.860	21.100
3.870	21.100
3.880	21.000
3.890	20.800
3.900	20.800
3.910	20.900
3.920	20.800
3.930	20.700
3.940	20.600
3.950	20.600
3.960	20.600
3.970	20.600
3.980	20.500
3.990	20.400
4.000	20.400
4.010	20.300
4.020	20.300
4.030	20.300
4.040	20.200
4.050	20.200
4.060	20.100
4.070	20.000
4.080	20.000
4.090	19.900
4.100	19.900
4.110	19.800
4.120	19.700
4.130	19.700
4.140	19.700
4.150	19.600
4.160	19.600
4.170	19.500
4.180	19.400
4.190	19.400
4.200	19.400
4.210	19.300
4.220	19.300
4.230	19.200
4.240	19.100
4.250	19.100
4.260	19.000
4.270	18.900
4.280	18.900
4.290	18.800
4.300	18.800
4.310	18.700
4.320	18.700
4.330	18.600
4.340	18.500
4.350	18.400
4.360	18.400
4.370	18.300
4.380	18.300
4.390	18.200
4.400	18.100
4.410	18.100
4.420	18.000
4.430	18.000
4.440	17.900
4.450	17.900
4.460	17.900
4.470	17.800
4.480	17.800
4.490	17.700
4.500	17.700
4.510	17.600
4.520	17.400
4.530	17.300
4.540	17.300
4.550	17.200
4.560	17.200
4.570	17.200
4.580	17.100
4.590	17.100
4.600	17.100
4.610	17.000
4.620	16.900
4.630	16.900
4.640	16.800
4.650	16.700
4.660	16.700
4.670	16.700
4.680	16.600
4.690	16.600
4.700	16.500
4.710	16.500
4.720	16.400
4.730	16.400
4.740	16.300
4.750	16.200
4.760	16.200
4.770	16.200
4.780	16.100
4.790	16.100
4.800	16.000
4.810	15.900
4.820	15.900
4.830	15.800
4.840	15.800
4.850	15.700
4.860	15.700
4.870	15.700
4.880	15.600
4.890	15.600
4.900	15.500
4.910	15.400
4.920	15.400
4.930	15.400
4.940	15.300
4.950	15.300
4.960	15.300
4.970	15.200
4.980	15.200
4.990	15.200
5.000	15.000
5.010	15.000
5.020	14.800
5.030	14.800
5.040	14.700
5.050	14.700
5.060	14.700
5.070	14.700
5.080	14.600
5.090	14.600
5.100	14.500
5.110	14.400
5.120	14.400
5.130	14.400
5.140	14.300
5.150	14.200
5.160	14.200
5.170	14.100
5.180	14.100
5.190	14.000
5.200	14.000
5.210	13.900
5.220	13.900
5.230	13.800
5.240	13.700
5.250	13.700
5.260	13.600
5.270	13.600
5.280	13.500
5.290	13.400
5.300	13.400
5.310	13.400
5.320	13.300
5.330	13.200
5.340	13.200
5.350	13.100
5.360	13.100
5.370	13.000
5.380	12.900
5.390	12.800
5.400	12.800
5.410	12.700
5.420	12.600
5.430	12.600
5.440	12.500
5.450	12.400
5.460	12.400
5.470	12.300
5.480	12.200
5.490	12.200
5.500	12.100
5.510	12.100
5.520	12.000
5.530	11.900
5.540	11.900
5.550	11.900
5.560	11.800
5.570	11.800
5.580	11.700
5.590	11.600
5.600	11.600
5.610	11.500
5.620	11.500
5.630	11.400
5.640	11.300
5.650	11.300
5.660	11.200
5.670	11.200
5.680	11.100
5.690	11.000
5.700	11.000
5.710	10.900
5.720	10.800
5.730	10.800
5.740	10.700
5.750	10.700
5.760	10.600
5.770	10.600
5.780	10.500
5.790	10.500
5.800	10.400
5.810	10.300
5.820	10.300
5.830	10.200
5.840	10.200
5.850	10.100
5.860	10.100
5.870	10.000
5.880	10.000
5.890	9.900
5.900	9.800
5.910	9.800
5.920	9.700
5.930	9.700
5.940	9.600
5.950	9.600
5.960	9.500
5.970	9.400
5.980	9.400
5.990	9.300
6.000	9.300
6.010	9.200
6.020	9.100
6.030	9.100
6.040	9.000
6.050	9.000
6.060	9.000
6.070	8.900
6.080	8.800
6.090	8.800
6.100	8.700
6.110	8.700
6.120	8.600
6.130	8.500
6.140	8.500
6.150	8.500
6.160	8.400
6.170	8.300
6.180	8.300
6.190	8.200
6.200	8.200
6.210	8.100
6.220	8.100
6.230	8.000
6.240	8.000
6.250	8.000
6.260	7.900
6.270	7.800
6.280	7.800
6.290	7.700
6.300	7.700
6.310	7.700
6.320	7.600
6.330	7.500
6.340	7.500
6.350	7.400
6.360	7.400
6.370	7.300
6.380	7.300
6.390	7.200
6.400	7.200
6.410	7.200
6.420	7.100
6.430	7.000
6.440	6.900
6.450	6.900
6.460	6.900
6.470	6.800
6.480	6.800
6.490	6.700
6.500	6.600
6.510	6.600
6.520	6.600
6.530	6.500
6.540	6.500
6.550	6.300
6.560	6.300
6.570	6.200
6.580	6.200
6.590	6.200
6.600	6.100
6.610	6.100
6.620	6.000
6.630	6.000
6.640	5.900
6.650	5.800
6.660	5.800
6.670	5.700
