%Time(s)	Speed(rpm)		
	%3/21/20174:45 PM
0.010	106.200
0.020	106.000
0.030	105.800
0.040	105.600
0.050	105.600
0.060	105.700
0.070	105.900
0.080	105.800
0.090	106.000
0.100	106.100
0.110	106.200
0.120	106.600
0.130	106.200
0.140	105.800
0.150	105.800
0.160	105.800
0.170	105.700
0.180	105.800
0.190	105.500
0.200	105.600
0.210	105.800
0.220	105.700
0.230	105.800
0.240	105.800
0.250	106.000
0.260	106.100
0.270	105.900
0.280	106.100
0.290	106.300
0.300	106.400
0.310	106.200
0.320	106.200
0.330	106.100
0.340	106.200
0.350	106.200
0.360	106.300
0.370	106.500
0.380	106.300
0.390	106.400
0.400	106.600
0.410	106.400
0.420	106.300
0.430	106.500
0.440	106.300
0.450	106.300
0.460	106.400
0.470	106.400
0.480	106.100
0.490	106.100
0.500	106.200
0.510	106.200
0.520	106.100
0.530	106.100
0.540	106.200
0.550	106.100
0.560	106.500
0.570	105.900
0.580	105.500
0.590	105.400
0.600	105.500
0.610	105.500
0.620	105.300
0.630	105.100
0.640	105.400
0.650	105.500
0.660	105.700
0.670	105.600
0.680	105.900
0.690	106.000
0.700	105.900
0.710	106.000
0.720	106.100
0.730	105.700
0.740	105.700
0.750	105.700
0.760	106.000
0.770	106.000
0.780	106.200
0.790	106.700
0.800	106.900
0.810	106.900
0.820	106.900
0.830	107.200
0.840	107.000
0.850	107.100
0.860	106.900
0.870	106.800
0.880	106.700
0.890	106.600
0.900	106.500
0.910	106.200
0.920	106.200
0.930	106.100
0.940	106.300
0.950	106.200
0.960	106.300
0.970	106.300
0.980	106.200
0.990	106.000
1.000	106.400
1.010	106.000
1.020	105.900
1.030	105.800
1.040	105.600
1.050	105.500
1.060	105.300
1.070	105.000
1.080	105.200
1.090	105.200
1.100	105.700
1.110	105.300
1.120	105.600
1.130	105.800
1.140	105.500
1.150	105.500
1.160	105.600
1.170	105.500
1.180	105.600
1.190	105.700
1.200	106.000
1.210	105.800
1.220	106.100
1.230	106.200
1.240	106.300
1.250	106.100
1.260	106.400
1.270	106.600
1.280	105.900
1.290	106.000
1.300	106.100
1.310	106.100
1.320	106.100
1.330	106.100
1.340	106.000
1.350	105.600
1.360	105.900
1.370	106.000
1.380	104.900
1.390	106.300
1.400	106.200
1.410	106.200
1.420	106.000
1.430	106.800
1.440	105.900
1.450	105.800
1.460	105.600
1.470	105.700
1.480	105.500
1.490	105.400
1.500	105.100
1.510	105.300
1.520	105.300
1.530	105.500
1.540	105.400
1.550	105.600
1.560	105.700
1.570	105.600
1.580	105.600
1.590	105.500
1.600	105.500
1.610	105.400
1.620	105.600
1.630	105.700
1.640	105.700
1.650	105.700
1.660	105.900
1.670	106.100
1.680	106.100
1.690	106.000
1.700	106.200
1.710	106.400
1.720	106.200
1.730	106.000
1.740	106.100
1.750	106.000
1.760	105.700
1.770	106.200
1.780	105.800
1.790	105.400
1.800	105.500
1.810	105.500
1.820	105.500
1.830	105.400
1.840	105.500
1.850	105.400
1.860	105.300
1.870	106.100
1.880	105.000
1.890	104.900
1.900	105.000
1.910	104.800
1.920	104.700
1.930	104.600
1.940	104.400
1.950	104.200
1.960	104.300
1.970	104.400
1.980	104.400
1.990	104.300
2.000	104.400
2.010	104.600
2.020	104.300
2.030	104.200
2.040	104.400
2.050	104.800
2.060	104.900
2.070	105.100
2.080	105.000
2.090	105.400
2.100	105.400
2.110	105.600
2.120	105.700
2.130	105.700
2.140	105.700
2.150	105.900
2.160	105.900
2.170	105.900
2.180	105.700
2.190	105.400
2.200	105.400
2.210	105.400
2.220	105.400
2.230	105.100
2.240	104.800
2.250	104.900
2.260	105.000
2.270	105.100
2.280	105.200
2.290	105.500
2.300	105.300
2.310	105.100
2.320	106.000
2.330	105.000
2.340	104.600
2.350	104.800
2.360	104.600
2.370	104.200
2.380	104.200
2.390	104.000
2.400	104.200
2.410	104.400
2.420	104.300
2.430	104.300
2.440	104.700
2.450	104.500
2.460	104.600
2.470	104.700
2.480	104.600
2.490	104.700
2.500	104.700
2.510	104.800
2.520	104.800
2.530	104.800
2.540	104.800
2.550	104.800
2.560	105.000
2.570	104.900
2.580	104.800
2.590	105.200
2.600	105.100
2.610	104.900
2.620	104.900
2.630	105.100
2.640	105.000
2.650	105.000
2.660	105.100
2.670	104.800
2.680	104.700
2.690	104.800
2.700	104.800
2.710	104.800
2.720	104.700
2.730	104.700
2.740	105.100
2.750	104.800
2.760	104.700
2.770	104.400
2.780	104.500
2.790	104.400
2.800	104.500
2.810	104.400
2.820	104.400
2.830	104.500
2.840	104.400
2.850	104.500
2.860	104.300
2.870	104.700
2.880	104.400
2.890	104.700
2.900	104.600
2.910	104.300
2.920	104.400
2.930	104.500
2.940	104.500
2.950	104.300
2.960	104.500
2.970	104.600
2.980	104.600
2.990	104.900
3.000	104.900
3.010	105.200
3.020	104.900
3.030	104.800
3.040	105.000
3.050	104.800
3.060	104.300
3.070	103.400
3.080	102.100
3.090	98.900
3.100	96.900
3.110	94.700
3.120	91.700
3.130	88.700
3.140	84.500
3.150	80.600
3.160	76.900
3.170	73.000
3.180	69.000
3.190	64.400
3.200	59.600
3.210	55.800
3.220	50.900
3.230	46.700
3.240	42.800
3.250	39.300
3.260	35.500
3.270	32.400
3.280	29.900
3.290	27.900
3.300	26.900
3.310	26.800
3.320	26.800
3.330	27.000
3.340	26.900
3.350	26.800
3.360	26.600
3.370	26.700
3.380	26.600
3.390	26.400
3.400	26.400
3.410	26.300
3.420	26.200
3.430	26.200
3.440	26.200
3.450	26.200
3.460	26.100
3.470	26.000
3.480	25.900
3.490	25.900
3.500	25.900
3.510	25.800
3.520	25.700
3.530	25.600
3.540	25.600
3.550	25.600
3.560	25.500
3.570	25.400
3.580	25.400
3.590	25.300
3.600	25.200
3.610	25.100
3.620	25.100
3.630	25.100
3.640	25.000
3.650	25.000
3.660	24.900
3.670	24.900
3.680	24.900
3.690	24.800
3.700	24.700
3.710	24.600
3.720	24.600
3.730	24.600
3.740	24.500
3.750	24.400
3.760	24.400
3.770	24.300
3.780	24.300
3.790	24.200
3.800	24.200
3.810	24.100
3.820	24.000
3.830	24.000
3.840	24.000
3.850	23.900
3.860	23.800
3.870	23.800
3.880	23.700
3.890	23.700
3.900	23.600
3.910	23.600
3.920	23.600
3.930	23.500
3.940	23.400
3.950	23.300
3.960	23.300
3.970	23.200
3.980	23.200
3.990	23.100
4.000	23.000
4.010	23.000
4.020	22.900
4.030	22.900
4.040	22.800
4.050	22.800
4.060	22.700
4.070	22.700
4.080	22.600
4.090	22.500
4.100	22.500
4.110	22.500
4.120	22.400
4.130	22.400
4.140	22.300
4.150	22.300
4.160	22.200
4.170	22.200
4.180	22.100
4.190	22.100
4.200	22.000
4.210	21.900
4.220	21.900
4.230	21.900
4.240	21.800
4.250	21.700
4.260	21.700
4.270	21.600
4.280	21.500
4.290	21.500
4.300	21.400
4.310	21.400
4.320	21.300
4.330	21.300
4.340	21.200
4.350	21.100
4.360	21.000
4.370	21.000
4.380	20.900
4.390	20.800
4.400	20.700
4.410	20.600
4.420	20.600
4.430	20.500
4.440	20.400
4.450	20.300
4.460	20.300
4.470	20.200
4.480	20.100
4.490	20.000
4.500	19.900
4.510	19.900
4.520	19.800
4.530	19.800
4.540	19.800
4.550	19.700
4.560	19.500
4.570	19.400
4.580	19.300
4.590	19.300
4.600	19.200
4.610	19.200
4.620	19.200
4.630	19.100
4.640	19.000
4.650	19.000
4.660	18.900
4.670	18.800
4.680	18.800
4.690	18.700
4.700	18.700
4.710	18.600
4.720	18.500
4.730	18.500
4.740	18.400
4.750	18.300
4.760	18.300
4.770	18.200
4.780	18.200
4.790	18.200
4.800	18.100
4.810	18.000
4.820	17.900
4.830	17.900
4.840	17.900
4.850	17.800
4.860	17.800
4.870	17.700
4.880	17.600
4.890	17.600
4.900	17.500
4.910	17.500
4.920	17.400
4.930	17.400
4.940	17.400
4.950	17.300
4.960	17.300
4.970	17.200
4.980	17.200
4.990	17.100
5.000	17.000
5.010	17.000
5.020	17.000
5.030	17.000
5.040	17.000
5.050	16.900
5.060	16.900
5.070	16.800
5.080	16.700
5.090	16.600
5.100	16.600
5.110	16.600
5.120	16.500
5.130	16.500
5.140	16.400
5.150	16.300
5.160	16.300
5.170	16.200
5.180	16.200
5.190	16.200
5.200	16.100
5.210	16.000
5.220	16.000
5.230	15.900
5.240	15.900
5.250	15.900
5.260	15.800
5.270	15.800
5.280	15.800
5.290	15.700
5.300	15.700
5.310	15.600
5.320	15.500
5.330	15.400
5.340	15.400
5.350	15.300
5.360	15.300
5.370	15.200
5.380	15.200
5.390	15.100
5.400	15.100
5.410	15.000
5.420	15.000
5.430	14.900
5.440	14.800
5.450	14.800
5.460	14.700
5.470	14.700
5.480	14.600
5.490	14.600
5.500	14.500
5.510	14.500
5.520	14.400
5.530	14.400
5.540	14.300
5.550	14.300
5.560	14.200
5.570	14.200
5.580	14.100
5.590	14.100
5.600	14.000
5.610	14.000
5.620	13.900
5.630	13.900
5.640	13.800
5.650	13.700
5.660	13.700
5.670	13.600
5.680	13.600
5.690	13.600
5.700	13.500
5.710	13.500
5.720	13.400
5.730	13.400
5.740	13.500
5.750	13.400
5.760	13.400
5.770	13.300
5.780	13.200
5.790	13.100
5.800	13.000
5.810	12.900
5.820	12.900
5.830	12.800
5.840	12.800
5.850	12.700
5.860	12.700
5.870	12.600
5.880	12.600
5.890	12.500
5.900	12.500
5.910	12.400
5.920	12.400
5.930	12.300
5.940	12.300
5.950	12.200
5.960	12.200
5.970	12.100
5.980	12.100
5.990	12.000
6.000	11.900
6.010	11.900
6.020	11.800
6.030	11.800
6.040	11.700
6.050	11.700
6.060	11.600
6.070	11.600
6.080	11.500
6.090	11.400
6.100	11.400
6.110	11.300
6.120	11.300
6.130	11.300
6.140	11.200
6.150	11.200
6.160	11.100
6.170	11.000
6.180	10.900
6.190	10.900
6.200	10.800
6.210	10.800
6.220	10.800
6.230	10.700
6.240	10.700
6.250	10.600
6.260	10.500
6.270	10.500
6.280	10.400
6.290	10.400
6.300	10.300
6.310	10.300
6.320	10.200
6.330	10.200
6.340	10.100
6.350	10.100
6.360	10.000
6.370	10.000
6.380	9.900
6.390	9.900
6.400	9.800
6.410	9.800
6.420	9.700
6.430	9.600
6.440	9.600
6.450	9.500
6.460	9.500
6.470	9.400
6.480	9.400
6.490	9.300
6.500	9.200
6.510	9.200
6.520	9.200
6.530	9.100
6.540	9.100
6.550	9.000
6.560	8.900
6.570	8.900
6.580	8.800
6.590	8.800
6.600	8.700
6.610	8.600
6.620	8.600
6.630	8.600
6.640	8.500
6.650	8.400
6.660	8.400
6.670	8.300
6.680	8.200
6.690	8.200
6.700	8.200
6.710	8.100
6.720	8.100
6.730	8.000
6.740	8.000
6.750	7.900
6.760	7.800
6.770	7.800
6.780	7.700
6.790	7.700
6.800	7.600
6.810	7.600
6.820	7.500
6.830	7.500
6.840	7.400
6.850	7.300
6.860	7.300
6.870	7.300
6.880	7.200
6.890	7.100
6.900	7.100
6.910	7.000
6.920	6.900
6.930	6.900
6.940	6.800
6.950	6.700
6.960	6.700
6.970	6.700
6.980	6.600
6.990	6.600
7.000	6.500
7.010	6.400
7.020	6.400
7.030	6.300
7.040	6.200
7.050	6.200
7.060	6.100
7.070	6.100
7.080	6.100
7.090	6.000
7.100	5.900
7.110	5.900
7.120	5.800
7.130	5.700
7.140	5.700
7.150	5.600
7.160	5.600
7.170	5.500
7.180	5.500
7.190	5.400
7.200	5.400
7.210	5.200
7.220	5.200
7.230	5.100
7.240	5.100
7.250	5.000
7.260	5.000
7.270	4.900
7.280	4.900
7.290	4.800
7.300	4.800
7.310	4.600
7.320	4.600
7.330	4.600
7.340	4.500
7.350	4.500
7.360	4.400
7.370	4.400
7.380	4.400
7.390	4.200
7.400	4.200
7.410	4.100
7.420	4.100
7.430	4.100
7.440	3.900
7.450	3.900
7.460	3.900
7.470	3.800
7.480	3.800
7.490	3.800
7.500	3.600
7.510	3.600
7.520	3.600
7.530	3.500
7.540	3.500
7.550	3.500
7.560	3.300
7.570	3.300
7.580	3.300
7.590	3.300
7.600	3.100
7.610	3.100
7.620	3.100
7.630	2.900
7.640	2.900
7.650	2.900
7.660	2.900
7.670	2.900
7.680	2.700
7.690	2.700
7.700	2.700
7.710	2.700
7.720	2.700
7.730	2.500
7.740	2.500
7.750	2.500
7.760	2.500
7.770	2.500
7.780	2.200
7.790	2.200
7.800	2.200
7.810	2.200
7.820	2.200
7.830	2.200
7.840	2.200
7.850	2.200
7.860	1.900
7.870	1.900
7.880	1.900
7.890	1.900
7.900	1.900
7.910	1.900
7.920	1.900
7.930	1.900
7.940	1.900
7.950	1.900
7.960	1.900
7.970	1.900
7.980	1.900
7.990	1.900
8.000	1.900
8.010	1.900
8.020	0.000
8.030	0.000
8.040	0.000
8.050	0.000
8.060	0.000
8.070	0.000
8.080	0.000
8.090	0.000
8.100	0.000
8.110	0.000
8.120	0.000
8.130	0.000
8.140	0.000
8.150	0.000
8.160	0.000
8.170	0.000
8.180	0.000
8.190	0.000
8.200	0.000
8.210	0.000
8.220	0.000
8.230	0.000
8.240	0.000
8.250	0.000
8.260	0.000
8.270	0.000
8.280	0.000
8.290	0.000
8.300	0.000
8.310	0.000
8.320	0.000
8.330	0.000
8.340	0.000
8.350	0.000
8.360	0.000
8.370	0.000
8.380	0.000
8.390	0.000
8.400	0.000
8.410	0.000
8.420	0.000
8.430	0.000
8.440	0.000
8.450	0.000
8.460	0.000
8.470	0.000
8.480	0.000
8.490	0.000
8.500	0.000
8.510	0.000
8.520	0.000
8.530	0.000
8.540	0.000
8.550	0.000
8.560	0.000
8.570	0.000
8.580	0.000
8.590	0.000
8.600	0.000
8.610	0.000
8.620	0.000
8.630	0.000
8.640	0.000
8.650	0.000
8.660	0.000
8.670	0.000
8.680	0.000
8.690	0.000
8.700	0.000
8.710	0.000
8.720	0.000
8.730	0.000
8.740	0.000
8.750	0.000
8.760	0.000
8.770	0.000
8.780	0.000
8.790	0.000
8.800	0.000
8.810	0.000
8.820	0.000
8.830	0.000
8.840	0.000
8.850	0.000
8.860	0.000
8.870	0.000
8.880	0.000
8.890	0.000
8.900	0.000
8.910	0.000
8.920	0.000
8.930	0.000
8.940	0.000
8.950	0.000
8.960	0.000
8.970	0.000
8.980	0.000
8.990	0.000
9.000	0.000
9.010	0.000
9.020	0.000
9.030	0.000
9.040	0.000
9.050	0.000
9.060	0.000
9.070	0.000
9.080	0.000
9.090	0.000
9.100	0.000
9.110	0.000
9.120	0.000
9.130	0.000
9.140	0.000
9.150	0.000
9.160	0.000
9.170	0.000
9.180	0.000
9.190	0.000
9.200	0.000
9.210	0.000
9.220	0.000
9.230	0.000
9.240	0.000
9.250	0.000
9.260	0.000
9.270	0.000
9.280	0.000
9.290	0.000
9.300	0.000
9.310	0.000
9.320	0.000
9.330	0.000
9.340	0.000
9.350	0.000
9.360	0.000
9.370	0.000
9.380	0.000
9.390	0.000
9.400	0.000
9.410	0.000
9.420	0.000
9.430	0.000
9.440	0.000
9.450	0.000
9.460	0.000
9.470	0.000
9.480	0.000
9.490	0.000
9.500	0.000
9.510	0.000
9.520	0.000
9.530	0.000
9.540	0.000
9.550	0.000
9.560	0.000
9.570	0.000
9.580	0.000
9.590	0.000
9.600	0.000
9.610	0.000
9.620	0.000
9.630	0.000
9.640	0.000
9.650	0.000
9.660	0.000
9.670	0.000
9.680	0.000
9.690	0.000
9.700	0.000
9.710	0.000
9.720	0.000
9.730	0.000
9.740	0.000
9.750	0.000
9.760	0.000
9.770	0.000
9.780	0.000
9.790	0.000
9.800	0.000
9.810	0.000
9.820	0.000
9.830	0.000
9.840	0.000
9.850	0.000
9.860	0.000
9.870	0.000
9.880	0.000
9.890	0.000
9.900	0.000
9.910	0.000
9.920	0.000
9.930	0.000
9.940	0.000
9.950	0.000
9.960	0.000
9.970	0.000
9.980	0.000
9.990	0.000
10.000	0.000
10.010	0.000
10.020	0.000
10.030	0.000
10.040	0.000
10.050	0.000
10.060	0.000
10.070	0.000
10.080	0.000
10.090	0.000
10.100	0.000
10.110	0.000
10.120	0.000
10.130	0.000
10.140	0.000
10.150	0.000
