%Time(s)	Speed(rpm)		
	%3/21/20175:34 PM
0.010	100.100
0.020	99.900
0.030	99.800
0.040	99.900
0.050	100.600
0.060	101.500
0.070	102.700
0.080	103.400
0.090	104.000
0.100	104.400
0.110	104.500
0.120	104.800
0.130	104.300
0.140	104.500
0.150	104.900
0.160	104.200
0.170	104.200
0.180	103.800
0.190	103.600
0.200	103.500
0.210	103.200
0.220	103.000
0.230	102.700
0.240	102.400
0.250	102.200
0.260	102.200
0.270	102.000
0.280	101.900
0.290	101.800
0.300	101.700
0.310	101.800
0.320	101.300
0.330	101.200
0.340	101.300
0.350	101.600
0.360	101.900
0.370	102.400
0.380	103.400
0.390	103.700
0.400	104.000
0.410	104.400
0.420	104.400
0.430	104.500
0.440	104.400
0.450	104.300
0.460	103.900
0.470	104.000
0.480	103.500
0.490	103.100
0.500	103.400
0.510	102.800
0.520	102.500
0.530	102.500
0.540	102.400
0.550	102.200
0.560	102.200
0.570	102.200
0.580	102.100
0.590	102.300
0.600	102.600
0.610	102.800
0.620	103.300
0.630	103.800
0.640	104.300
0.650	104.700
0.660	104.800
0.670	104.600
0.680	104.300
0.690	104.100
0.700	104.100
0.710	104.100
0.720	104.000
0.730	103.900
0.740	103.600
0.750	103.500
0.760	103.400
0.770	102.700
0.780	102.900
0.790	102.200
0.800	102.100
0.810	101.700
0.820	101.200
0.830	100.900
0.840	100.700
0.850	100.400
0.860	100.200
0.870	100.200
0.880	100.300
0.890	100.600
0.900	100.600
0.910	101.300
0.920	102.200
0.930	103.200
0.940	103.800
0.950	103.900
0.960	104.100
0.970	104.200
0.980	104.200
0.990	104.000
1.000	104.100
1.010	104.100
1.020	104.000
1.030	103.700
1.040	103.600
1.050	103.700
1.060	103.800
1.070	103.300
1.080	103.000
1.090	102.900
1.100	102.800
1.110	102.900
1.120	102.600
1.130	102.500
1.140	102.600
1.150	102.800
1.160	103.200
1.170	103.600
1.180	104.100
1.190	104.800
1.200	104.900
1.210	105.200
1.220	105.000
1.230	105.000
1.240	104.600
1.250	104.600
1.260	104.200
1.270	103.800
1.280	103.500
1.290	102.900
1.300	102.900
1.310	103.200
1.320	102.700
1.330	102.400
1.340	102.400
1.350	102.200
1.360	101.700
1.370	101.600
1.380	101.300
1.390	101.200
1.400	100.800
1.410	100.800
1.420	100.800
1.430	100.700
1.440	101.000
1.450	101.800
1.460	102.600
1.470	103.600
1.480	104.500
1.490	104.500
1.500	104.800
1.510	105.000
1.520	104.700
1.530	104.500
1.540	104.200
1.550	104.100
1.560	104.100
1.570	103.500
1.580	103.400
1.590	103.200
1.600	103.000
1.610	102.800
1.620	102.500
1.630	102.400
1.640	102.400
1.650	102.000
1.660	102.600
1.670	101.800
1.680	101.300
1.690	101.200
1.700	101.100
1.710	100.800
1.720	100.300
1.730	100.900
1.740	101.200
1.750	101.900
1.760	102.900
1.770	103.500
1.780	104.300
1.790	104.200
1.800	104.300
1.810	104.200
1.820	104.100
1.830	103.900
1.840	103.900
1.850	103.700
1.860	103.300
1.870	103.100
1.880	102.800
1.890	102.700
1.900	102.700
1.910	102.500
1.920	102.400
1.930	102.400
1.940	102.100
1.950	102.200
1.960	102.400
1.970	102.800
1.980	102.900
1.990	103.300
2.000	104.200
2.010	104.500
2.020	104.600
2.030	104.900
2.040	104.400
2.050	104.200
2.060	104.300
2.070	104.100
2.080	103.900
2.090	103.900
2.100	103.700
2.110	103.400
2.120	103.700
2.130	102.900
2.140	102.700
2.150	102.500
2.160	102.000
2.170	101.900
2.180	101.500
2.190	101.100
2.200	100.800
2.210	101.100
2.220	100.900
2.230	101.100
2.240	101.500
2.250	102.100
2.260	103.100
2.270	103.900
2.280	104.300
2.290	104.600
2.300	104.600
2.310	104.000
2.320	105.000
2.330	104.400
2.340	104.300
2.350	104.100
2.360	104.000
2.370	103.800
2.380	103.200
2.390	103.500
2.400	103.200
2.410	103.300
2.420	103.300
2.430	102.800
2.440	102.600
2.450	102.400
2.460	102.200
2.470	101.900
2.480	101.700
2.490	101.500
2.500	101.000
2.510	101.500
2.520	101.300
2.530	101.600
2.540	102.100
2.550	102.700
2.560	103.700
2.570	104.300
2.580	105.400
2.590	105.200
2.600	105.000
2.610	104.900
2.620	104.700
2.630	104.500
2.640	104.400
2.650	103.900
2.660	103.800
2.670	103.700
2.680	103.500
2.690	103.300
2.700	103.000
2.710	102.900
2.720	102.600
2.730	102.300
2.740	102.000
2.750	101.900
2.760	101.600
2.770	101.200
2.780	101.000
2.790	100.900
2.800	100.800
2.810	100.600
2.820	100.600
2.830	100.500
2.840	100.600
2.850	100.400
2.860	102.300
2.870	103.500
2.880	104.000
2.890	104.400
2.900	104.600
2.910	104.700
2.920	104.500
2.930	104.300
2.940	103.800
2.950	103.900
2.960	103.700
2.970	103.500
2.980	103.400
2.990	103.200
3.000	103.000
3.010	102.700
3.020	102.900
3.030	102.700
3.040	102.500
3.050	102.200
3.060	101.700
3.070	101.000
3.080	100.100
3.090	98.800
3.100	95.600
3.110	93.900
3.120	91.800
3.130	88.700
3.140	85.700
3.150	81.900
3.160	78.100
3.170	74.500
3.180	70.900
3.190	66.600
3.200	62.100
3.210	57.900
3.220	53.300
3.230	49.500
3.240	45.000
3.250	41.600
3.260	37.800
3.270	34.800
3.280	32.400
3.290	30.400
3.300	29.200
3.310	28.200
3.320	27.400
3.330	27.300
3.340	27.300
3.350	27.200
3.360	27.100
3.370	26.900
3.380	26.900
3.390	27.000
3.400	27.000
3.410	26.800
3.420	26.600
3.430	26.600
3.440	26.600
3.450	26.600
3.460	26.500
3.470	26.400
3.480	26.300
3.490	26.300
3.500	26.300
3.510	26.300
3.520	26.200
3.530	26.100
3.540	26.000
3.550	26.000
3.560	26.000
3.570	26.000
3.580	25.800
3.590	25.700
3.600	25.700
3.610	25.700
3.620	25.600
3.630	25.600
3.640	25.400
3.650	25.400
3.660	25.400
3.670	25.300
3.680	25.300
3.690	25.300
3.700	25.200
3.710	25.200
3.720	25.100
3.730	25.100
3.740	25.100
3.750	25.100
3.760	24.900
3.770	24.900
3.780	24.900
3.790	24.800
3.800	24.700
3.810	24.700
3.820	24.600
3.830	24.600
3.840	24.600
3.850	24.500
3.860	24.400
3.870	24.300
3.880	24.300
3.890	24.200
3.900	24.200
3.910	24.100
3.920	24.100
3.930	24.000
3.940	24.000
3.950	23.900
3.960	23.900
3.970	23.800
3.980	23.800
3.990	23.700
4.000	23.600
4.010	23.600
4.020	23.500
4.030	23.500
4.040	23.400
4.050	23.300
4.060	23.300
4.070	23.200
4.080	23.100
4.090	23.100
4.100	23.000
4.110	23.000
4.120	22.900
4.130	22.900
4.140	22.900
4.150	22.800
4.160	22.700
4.170	22.700
4.180	22.600
4.190	22.500
4.200	22.500
4.210	22.400
4.220	22.300
4.230	22.200
4.240	22.200
4.250	22.200
4.260	22.100
4.270	22.000
4.280	22.000
4.290	21.900
4.300	21.800
4.310	21.800
4.320	21.700
4.330	21.700
4.340	21.700
4.350	21.600
4.360	21.500
4.370	21.500
4.380	21.400
4.390	21.400
4.400	21.300
4.410	21.300
4.420	21.200
4.430	21.100
4.440	21.100
4.450	21.100
4.460	21.000
4.470	21.000
4.480	20.900
4.490	20.900
4.500	20.800
4.510	20.800
4.520	20.800
4.530	20.800
4.540	20.700
4.550	20.600
4.560	20.500
4.570	20.500
4.580	20.400
4.590	20.300
4.600	20.300
4.610	20.200
4.620	20.200
4.630	20.100
4.640	20.000
4.650	20.000
4.660	19.900
4.670	19.900
4.680	19.800
4.690	19.800
4.700	19.700
4.710	19.700
4.720	19.600
4.730	19.600
4.740	19.500
4.750	19.400
4.760	19.400
4.770	19.300
4.780	19.300
4.790	19.200
4.800	19.100
4.810	19.100
4.820	19.000
4.830	18.900
4.840	18.900
4.850	18.800
4.860	18.700
4.870	18.700
4.880	18.600
4.890	18.600
4.900	18.500
4.910	18.500
4.920	18.400
4.930	18.400
4.940	18.300
4.950	18.200
4.960	18.200
4.970	18.100
4.980	18.100
4.990	18.000
5.000	17.900
5.010	17.900
5.020	17.800
5.030	17.800
5.040	17.700
5.050	17.600
5.060	17.600
5.070	17.500
5.080	17.400
5.090	17.400
5.100	17.300
5.110	17.300
5.120	17.200
5.130	17.100
5.140	17.100
5.150	17.000
5.160	17.000
5.170	16.900
5.180	16.800
5.190	16.800
5.200	16.700
5.210	16.700
5.220	16.600
5.230	16.600
5.240	16.500
5.250	16.400
5.260	16.400
5.270	16.300
5.280	16.300
5.290	16.300
5.300	16.200
5.310	16.200
5.320	16.100
5.330	16.000
5.340	16.000
5.350	15.900
5.360	15.800
5.370	15.800
5.380	15.700
5.390	15.700
5.400	15.600
5.410	15.500
5.420	15.500
5.430	15.400
5.440	15.400
5.450	15.300
5.460	15.300
5.470	15.200
5.480	15.200
5.490	15.100
5.500	15.000
5.510	15.000
5.520	14.900
5.530	14.900
5.540	14.800
5.550	14.700
5.560	14.600
5.570	14.600
5.580	14.500
5.590	14.500
5.600	14.400
5.610	14.400
5.620	14.400
5.630	14.300
5.640	14.200
5.650	14.100
5.660	14.100
5.670	14.000
5.680	13.900
5.690	13.900
5.700	13.800
5.710	13.800
5.720	13.700
5.730	13.600
5.740	13.600
5.750	13.500
5.760	13.500
5.770	13.400
5.780	13.300
5.790	13.300
5.800	13.200
5.810	13.100
5.820	13.100
5.830	13.000
5.840	12.900
5.850	12.900
5.860	12.900
5.870	12.800
5.880	12.700
5.890	12.700
5.900	12.600
5.910	12.500
5.920	12.500
5.930	12.400
5.940	12.300
5.950	12.300
5.960	12.200
5.970	12.200
5.980	12.100
5.990	12.000
6.000	11.900
6.010	11.900
6.020	11.800
6.030	11.700
6.040	11.700
6.050	11.600
6.060	11.600
6.070	11.500
6.080	11.500
6.090	11.300
6.100	11.300
6.110	11.200
6.120	11.200
6.130	11.100
6.140	11.000
6.150	11.000
6.160	10.900
6.170	10.900
6.180	10.700
6.190	10.700
6.200	10.600
6.210	10.600
6.220	10.500
6.230	10.500
6.240	10.400
6.250	10.300
6.260	10.300
6.270	10.200
6.280	10.200
6.290	10.100
6.300	10.100
6.310	10.000
6.320	9.900
6.330	9.900
6.340	9.800
6.350	9.800
6.360	9.700
6.370	9.600
6.380	9.600
6.390	9.500
6.400	9.500
6.410	9.400
6.420	9.300
6.430	9.300
6.440	9.200
6.450	9.200
6.460	9.200
6.470	9.100
6.480	9.100
6.490	9.000
6.500	8.900
6.510	8.900
6.520	8.800
6.530	8.800
6.540	8.700
6.550	8.700
6.560	8.700
6.570	8.600
6.580	8.600
6.590	8.500
6.600	8.400
6.610	8.400
6.620	8.400
6.630	8.300
6.640	8.300
6.650	8.200
6.660	8.200
6.670	8.100
6.680	8.100
6.690	8.000
6.700	8.000
6.710	7.900
6.720	7.900
6.730	7.900
6.740	7.800
6.750	7.800
6.760	7.800
6.770	7.700
6.780	7.700
6.790	7.600
6.800	7.600
6.810	7.500
6.820	7.500
6.830	7.400
6.840	7.400
6.850	7.400
6.860	7.300
6.870	7.300
6.880	7.300
6.890	7.200
6.900	7.100
6.910	7.100
6.920	7.100
6.930	7.000
6.940	7.000
6.950	6.900
6.960	6.800
6.970	6.800
6.980	6.700
6.990	6.700
7.000	6.600
7.010	6.600
7.020	6.600
7.030	6.500
7.040	6.400
7.050	6.400
7.060	6.300
7.070	6.300
7.080	6.200
7.090	6.100
7.100	6.100
7.110	6.000
7.120	6.000
7.130	5.900
7.140	5.900
7.150	5.800
7.160	5.800
7.170	5.700
7.180	5.600
7.190	5.600
7.200	5.500
7.210	5.500
7.220	5.400
7.230	5.400
7.240	5.300
7.250	5.300
7.260	5.300
7.270	5.300
7.280	5.200
7.290	5.200
7.300	5.100
7.310	5.100
7.320	5.000
7.330	5.000
7.340	5.000
7.350	4.900
7.360	4.900
7.370	4.700
7.380	4.700
7.390	4.600
7.400	4.600
7.410	4.600
7.420	4.500
7.430	4.500
7.440	4.400
7.450	4.400
7.460	4.400
7.470	4.200
7.480	4.200
7.490	4.100
7.500	4.100
7.510	4.100
7.520	4.000
7.530	4.000
7.540	4.000
7.550	3.800
7.560	3.800
7.570	3.800
7.580	3.700
7.590	3.700
7.600	3.700
7.610	3.500
7.620	3.500
7.630	3.500
7.640	3.400
7.650	3.400
7.660	3.400
7.670	3.400
7.680	3.200
7.690	3.200
7.700	3.200
7.710	3.200
7.720	3.000
7.730	3.000
7.740	3.000
7.750	3.000
7.760	2.800
7.770	2.800
7.780	2.800
7.790	2.800
7.800	2.600
7.810	2.600
7.820	2.600
7.830	2.600
7.840	2.600
7.850	2.400
7.860	2.400
7.870	2.400
7.880	2.400
7.890	2.400
7.900	2.400
7.910	2.400
7.920	2.200
7.930	2.200
7.940	2.200
7.950	2.200
7.960	2.200
7.970	2.200
7.980	2.200
7.990	1.900
8.000	1.900
8.010	1.900
8.020	1.900
8.030	1.900
8.040	1.900
8.050	1.900
8.060	1.900
8.070	1.900
8.080	1.900
8.090	1.900
8.100	1.900
8.110	1.900
8.120	1.900
8.130	1.900
8.140	1.900
8.150	0.000
8.160	1.500
8.170	1.500
8.180	1.500
8.190	1.500
8.200	1.500
8.210	1.500
8.220	1.500
8.230	1.500
8.240	1.500
8.250	1.500
8.260	1.500
8.270	1.500
8.280	1.500
8.290	1.500
8.300	1.500
8.310	1.500
8.320	0.000
8.330	0.000
8.340	0.000
8.350	0.000
8.360	0.000
8.370	0.000
8.380	0.000
8.390	0.000
8.400	0.000
8.410	0.000
8.420	0.000
8.430	0.000
8.440	0.000
8.450	0.000
8.460	0.000
8.470	0.000
8.480	0.000
8.490	0.000
8.500	0.000
8.510	0.000
8.520	0.000
8.530	0.000
8.540	0.000
8.550	0.000
8.560	0.000
8.570	0.000
8.580	0.000
8.590	0.000
8.600	0.000
8.610	0.000
8.620	0.000
8.630	0.000
8.640	0.000
8.650	0.000
8.660	0.000
8.670	0.000
8.680	0.000
8.690	0.000
8.700	0.000
8.710	0.000
8.720	0.000
8.730	0.000
8.740	0.000
8.750	0.000
8.760	0.000
8.770	0.000
8.780	0.000
8.790	0.000
8.800	0.000
8.810	0.000
8.820	0.000
8.830	0.000
8.840	0.000
8.850	0.000
8.860	0.000
8.870	0.000
8.880	0.000
8.890	0.000
8.900	0.000
8.910	0.000
8.920	0.000
8.930	0.000
8.940	0.000
8.950	0.000
8.960	0.000
8.970	0.000
8.980	0.000
8.990	0.000
9.000	0.000
9.010	0.000
9.020	0.000
9.030	0.000
9.040	0.000
9.050	0.000
9.060	0.000
9.070	0.000
9.080	0.000
9.090	0.000
9.100	0.000
9.110	0.000
9.120	0.000
9.130	0.000
9.140	0.000
9.150	0.000
9.160	0.000
9.170	0.000
9.180	0.000
9.190	0.000
9.200	0.000
9.210	0.000
9.220	0.000
9.230	0.000
9.240	0.000
9.250	0.000
9.260	0.000
9.270	0.000
9.280	0.000
9.290	0.000
9.300	0.000
9.310	0.000
9.320	0.000
9.330	0.000
9.340	0.000
9.350	0.000
9.360	0.000
9.370	0.000
9.380	0.000
9.390	0.000
9.400	0.000
9.410	0.000
9.420	0.000
9.430	0.000
9.440	0.000
9.450	0.000
9.460	0.000
9.470	0.000
9.480	0.000
9.490	0.000
9.500	0.000
9.510	0.000
9.520	0.000
9.530	0.000
9.540	0.000
9.550	0.000
9.560	0.000
9.570	0.000
9.580	0.000
9.590	0.000
9.600	0.000
9.610	0.000
9.620	0.000
9.630	0.000
9.640	0.000
9.650	0.000
9.660	0.000
9.670	0.000
9.680	0.000
9.690	0.000
9.700	0.000
9.710	0.000
9.720	0.000
9.730	0.000
9.740	0.000
9.750	0.000
9.760	0.000
9.770	0.000
9.780	0.000
9.790	0.000
9.800	0.000
9.810	0.000
9.820	0.000
9.830	0.000
9.840	0.000
9.850	0.000
9.860	0.000
9.870	0.000
9.880	0.000
9.890	0.000
9.900	0.000
9.910	0.000
9.920	0.000
9.930	0.000
9.940	0.000
9.950	0.000
9.960	0.000
9.970	0.000
9.980	0.000
9.990	0.000
10.000	0.000
10.010	0.000
10.020	0.000
10.030	0.000
10.040	0.000
10.050	0.000
10.060	0.000
10.070	0.000
10.080	0.000
10.090	0.000
10.100	0.000
10.110	0.000
10.120	0.000
10.130	0.000
10.140	0.000
10.150	0.000
10.160	0.000
10.170	0.000
10.180	0.000
10.190	0.000
10.200	0.000
10.210	0.000
10.220	0.000
10.230	0.000
10.240	0.000
10.250	0.000
10.260	0.000
10.270	0.000
10.280	0.000
10.290	0.000
10.300	0.000
10.310	0.000
10.320	0.000
10.330	0.000
10.340	0.000
10.350	0.000
10.360	0.000
10.370	0.000
10.380	0.000
10.390	0.000
10.400	0.000
10.410	0.000
10.420	0.000
10.430	0.000
10.440	0.000
10.450	0.000
10.460	0.000
10.470	0.000
10.480	0.000
10.490	0.000
10.500	0.000
10.510	0.000
10.520	0.000
10.530	0.000
10.540	0.000
10.550	0.000
10.560	0.000
10.570	0.000
10.580	0.000
10.590	0.000
10.600	0.000
10.610	0.000
10.620	0.000
10.630	0.000
10.640	0.000
10.650	0.000
10.660	0.000
10.670	0.000
10.680	0.000
10.690	0.000
10.700	0.000
10.710	0.000
10.720	0.000
10.730	0.000
10.740	0.000
10.750	0.000
10.760	0.000
10.770	0.000
10.780	0.000
10.790	0.000
10.800	0.000
10.810	0.000
10.820	0.000
10.830	0.000
10.840	0.000
10.850	0.000
10.860	0.000
10.870	0.000
10.880	0.000
10.890	0.000
10.900	0.000
10.910	0.000
10.920	0.000
10.930	0.000
10.940	0.000
10.950	0.000
10.960	0.000
10.970	0.000
10.980	0.000
10.990	0.000
11.000	0.000
11.010	0.000
11.020	0.000
11.030	0.000
11.040	0.000
11.050	0.000
11.060	0.000
11.070	0.000
11.080	0.000
11.090	0.000
11.100	0.000
11.110	0.000
11.120	0.000
11.130	0.000
11.140	0.000
11.150	0.000
11.160	0.000
11.170	0.000
11.180	0.000
11.190	0.000
11.200	0.000
11.210	0.000
11.220	0.000
11.230	0.000
11.240	0.000
11.250	0.000
11.260	0.000
11.270	0.000
11.280	0.000
