% 19-Apr-2017 09:54:31
% Time, s	 Pressure, mBar	 Temperature, degC
0.005 832.4053 27.6670
0.015 832.4373 27.6727
0.025 832.4336 27.6745
0.035 832.4178 27.6749
0.045 832.4042 27.6781
0.055 832.4156 27.6818
0.065 832.4414 27.6845
0.075 832.3820 27.6869
0.085 832.4253 27.6892
0.095 832.4217 27.6901
0.105 832.4231 27.6908
0.115 832.4312 27.6929
0.125 832.4486 27.6943
0.135 832.4117 27.6951
0.145 832.3892 27.6967
0.155 832.4270 27.6989
0.165 832.4096 27.7003
0.174 832.4393 27.7013
0.184 832.4101 27.7032
0.194 832.4369 27.7028
0.204 832.4383 27.7044
0.214 832.4544 27.7078
0.224 832.4485 27.7094
0.234 832.4355 27.7102
0.244 832.4400 27.7106
0.254 832.4518 27.7110
0.264 832.4260 27.7127
0.274 832.4586 27.7134
0.284 832.4473 27.7132
0.294 832.4219 27.7134
0.304 832.4452 27.7158
0.314 832.4203 27.7162
0.324 832.4259 27.7171
0.334 832.4125 27.7195
0.344 832.4374 27.7191
0.354 832.4498 27.7198
0.364 832.4437 27.7222
0.374 832.4396 27.7229
0.384 832.4501 27.7199
0.394 832.4055 27.7206
0.404 832.4414 27.7229
0.414 832.4522 27.7227
0.424 832.4254 27.7222
0.434 832.4591 27.7234
0.444 832.4440 27.7250
0.454 832.4340 27.7246
0.464 832.4353 27.7243
0.474 832.4209 27.7254
0.484 832.4507 27.7265
0.494 832.4431 27.7263
0.504 832.4137 27.7263
0.514 832.4187 27.7270
0.524 832.4435 27.7274
0.534 832.4369 27.7278
0.544 832.4260 27.7287
0.554 832.4182 27.7294
0.564 832.4288 27.7283
0.574 832.4162 27.7275
0.584 832.4645 27.7278
0.594 832.4584 27.7293
0.604 832.4307 27.7310
0.614 832.4505 27.7290
0.624 832.4094 27.7278
0.634 832.4573 27.7297
0.644 832.4721 27.7323
0.654 832.4526 27.7318
0.664 832.4285 27.7299
0.674 832.4482 27.7323
0.684 832.4406 27.7331
0.694 832.4249 27.7335
0.704 832.4105 27.7337
0.714 832.4671 27.7326
0.724 832.4628 27.7341
0.734 832.4575 27.7342
0.744 832.4348 27.7330
0.754 832.4196 27.7337
0.764 832.4431 27.7343
0.774 832.4738 27.7341
0.784 832.3895 27.7342
0.794 832.4566 27.7356
0.804 832.4532 27.7357
0.814 832.4275 27.7357
0.824 832.4139 27.7362
0.834 832.4294 27.7366
0.844 832.4660 27.7374
0.854 832.4504 27.7388
0.864 832.4380 27.7364
0.874 832.4668 27.7351
0.884 832.4344 27.7373
0.894 832.4244 27.7369
0.904 832.4313 27.7376
0.914 832.4655 27.7381
0.924 832.4504 27.7370
0.934 832.4518 27.7377
0.944 832.4428 27.7396
0.954 832.4223 27.7394
0.964 832.4120 27.7389
0.974 832.4101 27.7380
0.984 832.4624 27.7384
0.994 832.4204 27.7385
1.004 832.4170 27.7386
1.014 832.4460 27.7402
1.024 832.4382 27.7409
1.034 832.4573 27.7404
1.044 832.4246 27.7388
1.054 832.4419 27.7409
1.064 832.4503 27.7414
1.074 832.4562 27.7398
1.084 832.4275 27.7410
1.094 832.4567 27.7418
1.104 832.4409 27.7413
1.114 832.4659 27.7418
1.124 832.4617 27.7425
1.134 832.4258 27.7429
1.144 832.4651 27.7414
1.154 832.4203 27.7402
1.164 832.4520 27.7422
1.174 832.4744 27.7433
1.184 832.4610 27.7430
1.194 832.4454 27.7417
1.204 832.4206 27.7404
1.214 832.4628 27.7394
1.224 832.4035 27.7401
1.234 832.4640 27.7436
1.244 832.4603 27.7436
1.254 832.4444 27.7421
1.264 832.4366 27.7437
1.274 832.4511 27.7436
1.284 832.4356 27.7441
1.294 832.4601 27.7444
1.304 832.4383 27.7445
1.314 832.4286 27.7442
1.324 832.4538 27.7449
1.334 832.4422 27.7464
1.344 832.4261 27.7457
1.354 832.4320 27.7450
1.364 832.4537 27.7440
1.374 832.4254 27.7445
1.384 832.4608 27.7465
1.394 832.4535 27.7465
1.404 832.4333 27.7448
1.414 832.4383 27.7445
1.424 832.4426 27.7457
1.434 832.3927 27.7456
1.444 832.4287 27.7461
1.454 832.4630 27.7476
1.464 832.4365 27.7472
1.474 832.4154 27.7468
1.484 832.4195 27.7461
1.494 832.4237 27.7454
1.504 832.4131 27.7474
1.514 832.4556 27.7466
1.524 832.4036 27.7446
1.534 832.4640 27.7462
1.544 832.4235 27.7462
1.554 832.4087 27.7453
1.564 832.4186 27.7474
1.574 832.4236 27.7472
1.584 832.4459 27.7473
1.594 832.4492 27.7489
1.604 832.4240 27.7482
1.614 832.4453 27.7488
1.624 832.4195 27.7488
1.634 832.4463 27.7484
1.644 832.4115 27.7476
1.654 832.4615 27.7477
1.664 832.4438 27.7499
1.674 832.4728 27.7505
1.684 832.4230 27.7496
1.694 832.4466 27.7485
1.704 832.4353 27.7484
1.714 832.4588 27.7500
1.724 832.4531 27.7508
1.734 832.4480 27.7501
1.744 832.4468 27.7513
1.754 832.4231 27.7505
1.764 832.4550 27.7490
1.774 832.4248 27.7513
1.784 832.4382 27.7516
1.794 832.4223 27.7501
1.804 832.4380 27.7497
1.814 832.4431 27.7504
1.824 832.4626 27.7509
1.834 832.4199 27.7525
1.844 832.4654 27.7532
1.854 832.4780 27.7531
1.864 832.4456 27.7516
1.874 832.4486 27.7504
1.884 832.4297 27.7511
1.894 832.4470 27.7505
1.904 832.4195 27.7488
1.914 832.4408 27.7484
1.924 832.4461 27.7519
1.934 832.4194 27.7532
1.944 832.4359 27.7523
1.954 832.4182 27.7517
1.964 832.4288 27.7524
1.974 832.4296 27.7528
1.984 832.4227 27.7539
1.994 832.4487 27.7540
2.004 832.4198 27.7516
2.014 832.4433 27.7532
2.024 832.4211 27.7540
2.034 832.4234 27.7533
2.044 832.4364 27.7552
2.054 832.4173 27.7557
2.064 832.4339 27.7531
2.074 832.4242 27.7537
2.084 832.4244 27.7556
2.094 832.4314 27.7545
2.104 832.4205 27.7537
2.114 832.4215 27.7551
2.124 832.4092 27.7563
2.134 832.4470 27.7559
2.144 832.4715 27.7561
2.154 832.4465 27.7556
2.164 832.4512 27.7552
2.174 832.4561 27.7549
2.184 832.4563 27.7568
2.194 832.4491 27.7587
2.204 832.4395 27.7567
2.214 832.4259 27.7545
2.224 832.4500 27.7564
2.234 832.4230 27.7576
2.244 832.4446 27.7556
2.254 832.4403 27.7571
2.264 832.4137 27.7567
2.274 832.4664 27.7555
2.284 832.5002 27.7567
2.294 832.4379 27.7568
2.304 832.4275 27.7553
2.314 832.4524 27.7540
2.324 832.4528 27.7560
2.334 832.4642 27.7571
2.344 832.4353 27.7573
2.354 832.4676 27.7569
2.364 832.4419 27.7569
2.374 832.4294 27.7580
2.384 832.4412 27.7584
2.394 832.4330 27.7580
2.404 832.4385 27.7571
2.414 832.4528 27.7587
2.424 832.4421 27.7588
2.434 832.4842 27.7569
2.444 832.4603 27.7569
2.454 832.4528 27.7560
2.464 832.4171 27.7565
2.474 832.4473 27.7587
2.484 832.4516 27.7599
2.494 832.4444 27.7591
2.504 832.3924 27.7588
2.514 832.4129 27.7589
2.524 832.4200 27.7588
2.534 832.4457 27.7588
2.544 832.4760 27.7592
2.554 832.4469 27.7603
2.564 832.4355 27.7592
2.574 832.4421 27.7588
2.584 832.4750 27.7596
2.594 832.4230 27.7603
2.604 832.4569 27.7607
2.614 832.4353 27.7600
2.624 832.4481 27.7591
2.634 832.4347 27.7588
2.644 832.4330 27.7597
2.654 832.4643 27.7607
2.664 832.4315 27.7608
2.674 832.4186 27.7608
2.684 832.4399 27.7613
2.694 832.4528 27.7613
2.704 832.4595 27.7601
2.714 832.4089 27.7605
2.724 832.4342 27.7621
2.734 832.4347 27.7615
2.744 832.4302 27.7611
2.754 832.4498 27.7625
2.764 832.4435 27.7631
2.774 832.4429 27.7619
2.784 832.4123 27.7604
2.794 832.4321 27.7620
2.804 832.4440 27.7624
2.814 832.4683 27.7617
2.824 832.4211 27.7620
2.834 832.4670 27.7611
2.844 832.4212 27.7603
2.854 832.4421 27.7615
2.864 832.4293 27.7624
2.874 832.4238 27.7624
2.884 832.4404 27.7633
2.894 832.4260 27.7644
2.904 832.4573 27.7644
2.914 832.4444 27.7644
2.924 832.4244 27.7636
2.934 832.4185 27.7625
2.944 832.4456 27.7632
2.954 832.4612 27.7636
2.964 832.4316 27.7617
2.974 832.4355 27.7619
2.984 832.4312 27.7633
2.994 832.4150 27.7644
3.004 832.4463 27.7644
3.014 832.4626 27.7643
3.024 832.4413 27.7647
3.034 832.4352 27.7635
3.044 832.4136 27.7638
3.054 832.4392 27.7646
3.064 832.4272 27.7650
3.074 832.4542 27.7647
3.084 832.4463 27.7644
3.094 832.4412 27.7638
3.104 832.4646 27.7635
3.114 832.4615 27.7647
3.124 832.4304 27.7656
3.134 832.4210 27.7664
3.144 832.4580 27.7656
3.154 832.4514 27.7660
3.164 832.4307 27.7667
3.174 832.4395 27.7647
3.184 832.4576 27.7646
3.194 832.4235 27.7650
3.204 832.4410 27.7672
3.214 832.4639 27.7676
3.224 832.4248 27.7674
3.234 832.4557 27.7672
3.244 832.4134 27.7663
3.254 832.4443 27.7679
3.264 832.4454 27.7684
3.274 832.4130 27.7679
3.284 832.4159 27.7684
3.294 832.4238 27.7687
3.304 832.4101 27.7683
3.314 832.4502 27.7672
3.324 832.4299 27.7663
3.334 832.4189 27.7663
3.344 832.4690 27.7656
3.354 832.4625 27.7660
3.364 832.4182 27.7678
3.374 832.4488 27.7683
3.384 832.4624 27.7678
3.394 832.4684 27.7680
3.404 832.4424 27.7679
3.414 832.4296 27.7688
3.424 832.4318 27.7699
3.434 832.4350 27.7696
3.444 832.4210 27.7691
3.454 832.4248 27.7683
3.464 832.4400 27.7703
3.474 832.4642 27.7704
3.484 832.4395 27.7700
3.494 832.4380 27.7711
3.504 832.4195 27.7702
3.514 832.4426 27.7698
3.524 832.3855 27.7688
3.534 832.4491 27.7694
3.544 832.4255 27.7695
3.554 832.4341 27.7692
3.564 832.4564 27.7711
3.574 832.4803 27.7711
3.584 832.4303 27.7700
3.594 832.4553 27.7706
3.604 832.4438 27.7712
3.614 832.4253 27.7703
3.624 832.4185 27.7706
3.634 832.4515 27.7723
3.644 832.4071 27.7722
3.654 832.4714 27.7712
3.664 832.4317 27.7716
3.674 832.4047 27.7719
3.684 832.4453 27.7702
3.694 832.4430 27.7708
3.704 832.4576 27.7726
3.714 832.4341 27.7719
3.724 832.4511 27.7712
3.734 832.4185 27.7706
3.744 832.4276 27.7696
3.754 832.4355 27.7699
3.764 832.4337 27.7726
3.774 832.4627 27.7742
3.784 832.4362 27.7738
3.794 832.4258 27.7750
3.804 832.4341 27.7746
3.814 832.4225 27.7734
3.824 832.4524 27.7736
3.834 832.4637 27.7738
3.844 832.4467 27.7744
3.854 832.4466 27.7735
3.864 832.4282 27.7726
3.874 832.4514 27.7740
3.884 832.4555 27.7751
3.894 832.4528 27.7747
3.904 832.4491 27.7747
3.914 832.4236 27.7739
3.924 832.4362 27.7720
3.934 832.4266 27.7727
3.944 832.4316 27.7751
3.954 832.4192 27.7754
3.964 832.4343 27.7738
3.974 832.4356 27.7735
3.984 832.4237 27.7731
3.994 832.4423 27.7723
4.004 832.4354 27.7743
4.014 832.4615 27.7754
4.024 832.4178 27.7738
4.034 832.4275 27.7740
4.044 832.4431 27.7754
4.054 832.4481 27.7751
4.064 832.4547 27.7756
4.074 832.4028 27.7763
4.084 832.4090 27.7758
4.094 832.3982 27.7750
4.104 832.4412 27.7744
4.114 832.4215 27.7747
4.124 832.4186 27.7742
4.134 832.4150 27.7751
4.144 832.4197 27.7774
4.154 832.4578 27.7771
4.164 832.4116 27.7752
4.174 832.3989 27.7744
4.184 832.4303 27.7754
4.194 832.4217 27.7766
4.204 832.4190 27.7762
4.214 832.4306 27.7764
4.224 832.4155 27.7771
4.234 832.4248 27.7763
4.244 832.3843 27.7754
4.254 832.4208 27.7752
4.264 832.4228 27.7771
4.274 832.4418 27.7783
4.284 832.4260 27.7778
4.294 832.4339 27.7781
4.304 832.4310 27.7775
4.314 832.4331 27.7777
4.324 832.4428 27.7797
4.334 832.4340 27.7790
4.344 832.4376 27.7781
4.354 832.4248 27.7790
4.364 832.4258 27.7786
4.374 832.4529 27.7783
4.384 832.4567 27.7802
4.394 832.4284 27.7807
4.404 832.4257 27.7794
4.414 832.4327 27.7783
4.424 832.4350 27.7777
4.434 832.4388 27.7768
4.444 832.4590 27.7786
4.454 832.4551 27.7794
4.464 832.4038 27.7786
4.474 832.4206 27.7787
4.484 832.4233 27.7791
4.494 832.4112 27.7795
4.504 832.4160 27.7801
4.514 832.4609 27.7795
4.524 832.4482 27.7787
4.534 832.4725 27.7798
4.544 832.4096 27.7787
4.554 832.3664 27.7783
4.564 832.4396 27.7799
4.574 832.4381 27.7827
4.584 832.4144 27.7829
4.594 832.4476 27.7811
4.604 832.4426 27.7805
4.614 832.4488 27.7799
4.624 832.4485 27.7789
4.634 832.4298 27.7787
4.644 832.4310 27.7802
4.654 832.4328 27.7802
4.664 832.4810 27.7813
4.674 832.4578 27.7825
4.684 832.4306 27.7818
4.694 832.4587 27.7811
4.704 832.4583 27.7801
4.714 832.4242 27.7805
4.724 832.3877 27.7806
4.734 832.4163 27.7802
4.744 832.4173 27.7825
4.754 832.3869 27.7811
4.764 832.4281 27.7806
4.774 832.4351 27.7822
4.784 832.4309 27.7819
4.794 832.4386 27.7830
4.804 832.4252 27.7827
4.814 832.4548 27.7819
4.824 832.4159 27.7818
4.834 832.4417 27.7818
4.844 832.4031 27.7827
4.854 832.4099 27.7825
4.864 832.4536 27.7831
4.874 832.4221 27.7830
4.884 832.4383 27.7829
4.894 832.4256 27.7838
4.904 832.4189 27.7833
4.914 832.4450 27.7834
4.924 832.4589 27.7839
4.934 832.4429 27.7842
4.944 832.4329 27.7838
4.954 832.4011 27.7835
4.964 832.4119 27.7834
4.974 832.4196 27.7818
4.984 832.4384 27.7811
4.994 832.4345 27.7837
5.004 832.4007 27.7825
5.014 832.4295 27.7813
5.024 832.4352 27.7831
5.034 832.4526 27.7835
5.044 832.4233 27.7845
5.054 832.4607 27.7857
5.064 832.4211 27.7861
5.074 832.4307 27.7854
5.084 832.4326 27.7854
5.094 832.4168 27.7858
5.104 832.4464 27.7850
5.114 832.4469 27.7843
5.124 832.4245 27.7859
5.134 832.4446 27.7877
5.144 832.4011 27.7862
5.154 832.4278 27.7849
5.164 832.4028 27.7843
5.174 832.4353 27.7841
5.184 832.4180 27.7846
5.194 832.4237 27.7865
5.204 832.4316 27.7867
5.214 832.4439 27.7855
5.224 832.4644 27.7857
5.234 832.4005 27.7859
5.244 832.4057 27.7849
5.254 832.3926 27.7857
5.264 832.4146 27.7874
5.274 832.4323 27.7879
5.284 832.4140 27.7889
5.294 832.4455 27.7890
5.304 832.4884 27.7893
5.314 832.4449 27.7878
5.324 832.4394 27.7861
5.334 832.4004 27.7867
5.344 832.4396 27.7879
5.354 832.4367 27.7874
5.364 832.4298 27.7867
5.374 832.4336 27.7877
5.384 832.4146 27.7874
5.394 832.4421 27.7865
5.404 832.4244 27.7877
5.414 832.4126 27.7882
5.424 832.4163 27.7882
5.434 832.4157 27.7879
5.444 832.4025 27.7869
5.454 832.4327 27.7873
5.464 832.4468 27.7887
5.474 832.4226 27.7886
5.484 832.4256 27.7891
5.494 832.4116 27.7886
5.504 832.4205 27.7885
5.514 832.4422 27.7901
5.524 832.3936 27.7897
5.534 832.4204 27.7902
5.544 832.4122 27.7898
5.554 832.4319 27.7895
5.564 832.4130 27.7902
5.574 832.4296 27.7902
5.584 832.4532 27.7901
5.594 832.4497 27.7893
5.604 832.4240 27.7893
5.614 832.4171 27.7886
5.624 832.4142 27.7890
5.634 832.4589 27.7893
5.644 832.4028 27.7879
5.654 832.3977 27.7890
5.664 832.4417 27.7907
5.674 832.4434 27.7916
5.684 832.4519 27.7921
5.694 832.4164 27.7918
5.704 832.4491 27.7907
5.714 832.4246 27.7905
5.724 832.4221 27.7910
5.734 832.4315 27.7911
5.744 832.4468 27.7914
5.754 832.4610 27.7921
5.764 832.4477 27.7928
5.774 832.4589 27.7920
5.784 832.4016 27.7909
5.794 832.4063 27.7914
5.804 832.4169 27.7921
5.814 832.4359 27.7924
5.824 832.4658 27.7926
5.834 832.3954 27.7924
5.844 832.4372 27.7930
5.854 832.4146 27.7928
5.864 832.4610 27.7921
5.874 832.4524 27.7950
5.884 832.4015 27.7953
5.894 832.4265 27.7932
5.904 832.4309 27.7926
5.914 832.4265 27.7932
5.924 832.4028 27.7933
5.934 832.4518 27.7938
5.944 832.4110 27.7937
5.954 832.4285 27.7924
5.964 832.4010 27.7933
5.974 832.4069 27.7944
5.984 832.4112 27.7956
5.994 832.4072 27.7954
6.004 832.4518 27.7948
6.014 832.4271 27.7944
6.024 832.4381 27.7934
6.034 832.4279 27.7948
6.044 832.4443 27.7956
6.054 832.4277 27.7946
6.064 832.4436 27.7934
6.074 832.4522 27.7932
6.084 832.4024 27.7940
6.094 832.4288 27.7952
6.104 832.4290 27.7944
6.114 832.4173 27.7932
6.124 832.4527 27.7952
6.134 832.4205 27.7965
6.144 832.4232 27.7969
6.154 832.4481 27.7965
6.164 832.4276 27.7964
6.174 832.4297 27.7965
6.184 832.4470 27.7960
6.194 832.4341 27.7960
6.204 832.6312 27.7961
6.214 832.5639 27.7965
6.224 832.5935 27.7974
6.234 832.4917 27.7989
6.244 832.4694 27.7997
6.254 832.2714 27.8009
6.264 832.1224 27.8009
6.274 831.8317 27.7990
6.284 831.3021 27.7973
6.294 830.6177 27.7981
6.304 830.1698 27.7985
6.314 829.4496 27.7980
6.324 829.0483 27.7969
6.334 828.9815 27.7966
6.344 829.0276 27.7976
6.354 829.0940 27.7977
6.364 829.2015 27.7981
6.374 829.2803 27.7970
6.384 829.3219 27.7958
6.394 829.2285 27.7969
6.404 829.2253 27.7989
6.414 829.1833 27.8000
6.424 829.1827 27.7988
6.434 829.2053 27.7964
6.444 829.2083 27.7969
6.454 829.3238 27.7994
6.464 829.3974 27.7994
6.474 829.4291 27.7978
6.484 829.4509 27.7986
6.494 829.4349 27.7989
6.504 829.4675 27.7986
6.514 829.5057 27.8002
6.524 829.4469 27.8002
6.534 829.4965 27.8002
6.544 829.4588 27.7989
6.554 829.4697 27.7970
6.564 829.5504 27.7969
6.574 829.5441 27.7974
6.584 829.5261 27.7985
6.594 829.5090 27.8018
6.604 829.5160 27.8034
6.614 829.4614 27.8010
6.624 829.4989 27.8005
6.634 829.5252 27.8008
6.644 829.5371 27.8012
6.654 829.5976 27.8020
6.664 829.5310 27.8009
6.674 829.5824 27.8000
6.684 829.5311 27.8018
6.694 829.5407 27.8038
6.704 829.4923 27.8026
6.714 829.4664 27.8008
6.724 829.4879 27.8005
6.734 829.5032 27.8008
6.744 829.5381 27.8008
6.754 829.5392 27.8013
6.764 829.5613 27.8022
6.774 829.4841 27.8022
6.784 829.5753 27.8028
6.794 829.5608 27.8046
6.804 829.6012 27.8037
6.814 829.5938 27.8010
6.824 829.6323 27.8028
6.834 829.6298 27.8033
6.844 829.6164 27.8013
6.854 829.6214 27.8010
6.864 829.6094 27.8014
6.874 829.6228 27.8017
6.884 829.7005 27.8037
6.894 829.6502 27.8025
6.904 829.6784 27.8010
6.914 829.6702 27.8033
6.924 829.6810 27.8032
6.934 829.6689 27.8036
6.944 829.6550 27.8040
6.954 829.6890 27.8017
6.964 829.6803 27.8010
6.974 829.6333 27.8014
6.984 829.6309 27.8012
6.994 829.7099 27.8038
7.004 829.6532 27.8040
7.014 829.6532 27.8013
7.024 829.6861 27.8021
7.034 829.6443 27.8041
7.044 829.6698 27.8040
7.054 829.6480 27.8041
7.064 829.6308 27.8065
7.074 829.6976 27.8068
7.084 829.6601 27.8046
7.094 829.6453 27.8037
7.104 829.6531 27.8057
7.114 829.6398 27.8064
7.124 829.6341 27.8045
7.134 829.6527 27.8046
7.144 829.6367 27.8040
7.154 829.6005 27.8025
7.164 829.5805 27.8053
7.174 829.5701 27.8056
7.184 829.5513 27.8045
7.194 829.5621 27.8044
7.204 829.5760 27.8049
7.214 829.5827 27.8064
7.224 829.5673 27.8069
7.234 829.5894 27.8069
7.244 829.6124 27.8056
7.254 829.6397 27.8055
7.264 829.6131 27.8077
7.274 829.6172 27.8097
7.284 829.5990 27.8089
7.294 829.5737 27.8083
7.304 829.5673 27.8069
7.314 829.5633 27.8068
7.324 829.5904 27.8065
7.334 829.5546 27.8061
7.344 829.5486 27.8068
7.354 829.5633 27.8068
7.364 829.5474 27.8080
7.374 829.5633 27.8059
7.384 829.5690 27.8050
7.394 829.6367 27.8076
7.404 829.6412 27.8080
7.414 829.6446 27.8079
7.424 829.6358 27.8089
7.434 829.5911 27.8087
7.444 829.6100 27.8080
7.454 829.5923 27.8075
7.464 829.6046 27.8072
7.474 829.6201 27.8067
7.484 829.6619 27.8073
7.494 829.6402 27.8084
7.504 829.6391 27.8079
7.514 829.6644 27.8085
7.524 829.6034 27.8084
7.534 829.5948 27.8087
7.544 829.6006 27.8088
7.554 829.6655 27.8091
7.564 829.6603 27.8101
7.574 829.6538 27.8105
7.584 829.6647 27.8096
7.594 829.7117 27.8092
7.604 829.7495 27.8088
7.614 829.6820 27.8091
7.624 829.7416 27.8112
7.634 829.7187 27.8108
7.644 829.7023 27.8091
7.654 829.6783 27.8081
7.664 829.7113 27.8099
7.674 829.7098 27.8109
7.684 829.6795 27.8105
7.694 829.7055 27.8097
7.704 829.7299 27.8100
7.714 829.6723 27.8115
7.724 829.7173 27.8092
7.734 829.6631 27.8088
7.744 829.6873 27.8116
7.754 829.6942 27.8123
7.764 829.6475 27.8101
7.774 829.6476 27.8093
7.784 829.6875 27.8108
7.794 829.6762 27.8116
7.804 829.6760 27.8115
7.814 829.6317 27.8105
7.824 829.6417 27.8109
7.834 829.6944 27.8124
7.844 829.7091 27.8124
7.854 829.7399 27.8121
7.864 829.7509 27.8121
7.874 829.7080 27.8109
7.884 829.6625 27.8112
7.894 829.6986 27.8117
7.904 829.7561 27.8120
7.914 829.7261 27.8135
7.924 829.7219 27.8141
7.934 829.7449 27.8155
7.944 829.7514 27.8151
7.954 829.7490 27.8139
7.964 829.6976 27.8131
7.974 829.7399 27.8121
7.984 829.7491 27.8131
7.994 829.7525 27.8129
8.004 829.7521 27.8109
8.014 829.7256 27.8115
8.024 829.7337 27.8136
8.034 829.7701 27.8125
8.044 829.7772 27.8124
8.054 829.8056 27.8128
8.064 829.7598 27.8120
8.074 829.7308 27.8131
8.084 829.7501 27.8144
8.094 829.7945 27.8145
8.104 829.7866 27.8152
8.114 829.8081 27.8140
8.124 829.8091 27.8136
8.134 829.8181 27.8144
8.144 829.8268 27.8151
8.154 829.8135 27.8157
8.164 829.8164 27.8153
8.174 829.8106 27.8152
8.184 829.8005 27.8148
8.194 829.7877 27.8148
8.204 829.7864 27.8151
8.214 829.7969 27.8157
8.224 829.7621 27.8167
8.234 829.7863 27.8168
8.244 829.8285 27.8159
8.254 829.8138 27.8159
8.264 829.8321 27.8176
8.274 829.8139 27.8168
8.284 829.8057 27.8164
8.294 829.8002 27.8173
8.304 829.8060 27.8175
8.314 829.7820 27.8165
8.324 829.7316 27.8161
8.334 829.7710 27.8165
8.344 829.7471 27.8165
8.354 829.7361 27.8175
8.364 829.7690 27.8173
8.374 829.7369 27.8169
8.384 829.7419 27.8167
8.394 829.7907 27.8163
8.404 829.7707 27.8164
8.414 829.7826 27.8168
8.424 829.7371 27.8188
8.434 829.7876 27.8202
8.444 829.7509 27.8184
8.454 829.8143 27.8188
8.464 829.7792 27.8169
8.474 829.7738 27.8152
8.484 829.7926 27.8172
8.494 829.7710 27.8192
8.504 829.7972 27.8185
8.514 829.8168 27.8173
8.524 829.8195 27.8177
8.534 829.8524 27.8185
8.544 829.8567 27.8198
8.554 829.8756 27.8200
8.564 829.8414 27.8195
8.574 829.8624 27.8189
8.584 829.8609 27.8200
8.594 829.8808 27.8189
8.604 829.9063 27.8188
8.614 829.8501 27.8192
8.624 829.8612 27.8175
8.634 829.8880 27.8198
8.644 829.9146 27.8211
8.654 829.8640 27.8198
8.664 829.9192 27.8198
8.674 829.8804 27.8206
8.684 829.8673 27.8204
8.694 829.8822 27.8196
8.704 829.8984 27.8195
8.714 829.9392 27.8196
8.724 829.8881 27.8189
8.734 829.8932 27.8196
8.744 829.8994 27.8208
8.754 829.8984 27.8195
8.764 829.8930 27.8204
8.774 829.9269 27.8208
8.784 829.9042 27.8196
8.794 829.9022 27.8204
8.804 829.8709 27.8204
8.814 829.9432 27.8207
8.824 829.8769 27.8224
8.834 829.8503 27.8220
8.844 829.8689 27.8212
8.854 829.8524 27.8212
8.864 829.8364 27.8224
8.874 829.8700 27.8218
8.884 829.8846 27.8208
8.894 829.8917 27.8234
8.904 829.8993 27.8235
8.914 829.8879 27.8224
8.924 829.8796 27.8228
8.934 829.9342 27.8226
8.944 829.9584 27.8227
8.954 829.9661 27.8238
8.964 829.9413 27.8224
8.974 829.9524 27.8234
8.984 829.9490 27.8235
8.994 829.9714 27.8219
9.004 829.9870 27.8223
9.014 829.9891 27.8224
9.024 830.0062 27.8227
9.034 829.9660 27.8228
9.044 829.9902 27.8230
9.054 829.9770 27.8228
9.064 829.9852 27.8232
9.074 829.9978 27.8231
9.084 830.0280 27.8226
9.094 830.0403 27.8223
9.104 830.0480 27.8224
9.114 830.0099 27.8227
9.124 830.0515 27.8242
9.134 830.0581 27.8247
9.144 830.0668 27.8244
9.154 830.0702 27.8243
9.164 830.0213 27.8238
9.174 830.0832 27.8252
9.184 830.0541 27.8263
9.194 830.0499 27.8270
9.204 830.0238 27.8259
9.214 830.0571 27.8251
9.224 830.0765 27.8247
9.234 830.0802 27.8247
9.244 830.0568 27.8240
9.254 830.0840 27.8230
9.264 830.0989 27.8248
9.274 830.0561 27.8255
9.284 830.0562 27.8238
9.294 830.1055 27.8254
9.304 830.0720 27.8270
9.314 830.0809 27.8259
9.324 830.0935 27.8258
9.334 830.1083 27.8267
9.344 830.0923 27.8279
9.354 830.1202 27.8280
9.364 830.1162 27.8270
9.374 830.1269 27.8268
9.384 830.1469 27.8267
9.394 830.1480 27.8272
9.404 830.1389 27.8282
9.414 830.1140 27.8259
9.424 830.1450 27.8267
9.434 830.1565 27.8287
9.444 830.1112 27.8272
9.454 830.1629 27.8264
9.464 830.1650 27.8266
9.474 830.1455 27.8260
9.484 830.2051 27.8255
9.494 830.2528 27.8246
9.504 830.2727 27.8262
9.514 830.2417 27.8290
9.524 830.2027 27.8279
9.534 830.2478 27.8266
9.544 830.2603 27.8282
9.554 830.2306 27.8290
9.564 830.2683 27.8294
9.574 830.2670 27.8296
9.584 830.2343 27.8290
9.594 830.2492 27.8282
9.604 830.2497 27.8302
9.614 830.2891 27.8306
9.624 830.3217 27.8276
9.634 830.2936 27.8274
9.644 830.3115 27.8307
9.654 830.3601 27.8311
9.664 830.3618 27.8292
9.674 830.3418 27.8294
9.684 830.3543 27.8310
9.694 830.3436 27.8311
9.704 830.3637 27.8275
9.714 830.3773 27.8270
9.724 830.3594 27.8290
9.734 830.4024 27.8284
9.744 830.3898 27.8286
9.754 830.4097 27.8302
9.764 830.4165 27.8299
9.774 830.4322 27.8295
9.784 830.4036 27.8299
9.794 830.3972 27.8312
9.804 830.4498 27.8318
9.814 830.4561 27.8295
9.824 830.4462 27.8300
9.834 830.4467 27.8330
9.844 830.4847 27.8318
9.854 830.4777 27.8302
9.864 830.4937 27.8316
9.874 830.5209 27.8333
9.884 830.5695 27.8310
9.894 830.4853 27.8320
9.904 830.5087 27.8327
9.914 830.4854 27.8303
9.924 830.5357 27.8315
9.934 830.5843 27.8319
9.944 830.5791 27.8320
9.954 830.5482 27.8331
9.964 830.5807 27.8328
9.974 830.6130 27.8324
9.984 830.5921 27.8312
9.994 830.5687 27.8306
10.004 830.6241 27.8334
10.014 830.6186 27.8334
10.024 830.6391 27.8308
10.034 830.6682 27.8324
10.044 830.6978 27.8343
10.054 830.7179 27.8334
10.064 830.7114 27.8338
10.074 830.7156 27.8331
10.084 830.7153 27.8330
10.094 830.7372 27.8338
10.104 830.7488 27.8341
10.114 830.7844 27.8335
10.124 830.7624 27.8308
10.134 830.7534 27.8327
10.144 830.8084 27.8345
10.154 830.8165 27.8339
10.164 830.8400 27.8346
10.174 830.8438 27.8338
10.184 830.8314 27.8331
10.194 830.8563 27.8345
10.204 830.8300 27.8342
10.214 830.8889 27.8324
10.224 830.8908 27.8334
10.234 830.8793 27.8341
10.244 830.8761 27.8334
10.254 830.9234 27.8331
10.264 830.9119 27.8338
10.274 830.9157 27.8347
10.284 830.9159 27.8349
10.294 830.9583 27.8331
10.304 830.9763 27.8338
10.314 830.9552 27.8361
10.324 830.9941 27.8362
10.334 831.0309 27.8362
10.344 831.0097 27.8349
10.354 831.0422 27.8337
10.364 831.0488 27.8342
10.374 831.0182 27.8354
10.384 831.0716 27.8363
10.394 831.1434 27.8363
10.404 831.1181 27.8357
10.414 831.1324 27.8346
10.424 831.1608 27.8341
10.434 831.1286 27.8354
10.444 831.1485 27.8353
10.454 831.1427 27.8351
10.464 831.1878 27.8365
10.474 831.2104 27.8367
10.484 831.2119 27.8383
10.494 831.1916 27.8374
10.504 831.2250 27.8358
10.514 831.2374 27.8365
10.524 831.2164 27.8361
10.534 831.2624 27.8361
10.544 831.3205 27.8366
10.554 831.3292 27.8373
10.564 831.3594 27.8367
10.574 841.3354 27.8382
10.584 822.5785 27.8386
10.594 832.2945 27.8362
10.604 832.3789 27.8361
10.614 832.2217 27.8357
10.624 832.2829 27.8359
10.634 832.2502 27.8370
10.644 832.2254 27.8383
10.654 832.2437 27.8383
10.664 832.2272 27.8383
10.674 832.2600 27.8382
10.684 832.2354 27.8361
10.694 832.2112 27.8359
10.704 832.2218 27.8366
10.714 832.2056 27.8377
10.724 832.2570 27.8394
10.734 832.2173 27.8389
10.744 832.2403 27.8385
10.754 832.2173 27.8389
10.764 832.2580 27.8390
10.774 832.2372 27.8387
10.784 832.2208 27.8379
10.794 832.2330 27.8385
10.804 832.2553 27.8386
10.814 832.2322 27.8381
10.824 832.2333 27.8386
10.834 832.2318 27.8397
10.844 832.2369 27.8386
10.854 832.2341 27.8363
10.864 832.2139 27.8363
10.874 832.2490 27.8382
10.884 832.2464 27.8387
10.894 832.2345 27.8374
10.904 832.2768 27.8374
10.914 832.2632 27.8389
10.924 832.2783 27.8399
10.934 832.2617 27.8390
10.944 832.2274 27.8375
10.954 832.2445 27.8378
10.964 832.2449 27.8398
10.974 832.2661 27.8411
10.984 832.3640 27.8405
10.994 832.0411 27.8382
11.004 832.2131 27.8369
11.014 832.2458 27.8375
11.024 832.2288 27.8382
11.034 832.2348 27.8385
11.044 832.2436 27.8391
11.054 832.2203 27.8403
11.064 832.2378 27.8417
11.074 832.2576 27.8406
11.084 832.2997 27.8378
11.094 832.3489 27.8385
11.104 832.3024 27.8418
11.114 832.3185 27.8425
11.124 832.2706 27.8415
11.134 832.2677 27.8419
11.144 832.2852 27.8406
11.154 832.2475 27.8393
11.164 832.2469 27.8407
11.174 832.2738 27.8422
11.184 832.2924 27.8414
11.194 832.2401 27.8410
11.204 832.2497 27.8403
11.214 832.2710 27.8399
11.224 832.2224 27.8405
11.234 832.2535 27.8413
11.244 832.2845 27.8411
11.254 832.2938 27.8394
11.264 832.2665 27.8395
11.274 832.2402 27.8402
11.284 832.2808 27.8411
11.294 832.2420 27.8419
11.304 832.2905 27.8405
11.314 832.2920 27.8403
11.324 832.2535 27.8413
11.334 832.2863 27.8411
11.344 832.2851 27.8397
11.354 832.2752 27.8402
11.364 832.2831 27.8431
11.374 832.2258 27.8430
11.384 832.2551 27.8421
11.394 832.2853 27.8415
11.404 832.2767 27.8418
11.414 832.2855 27.8407
11.424 832.2544 27.8399
11.434 832.2674 27.8409
11.444 832.2717 27.8421
11.454 832.2478 27.8421
11.464 832.2582 27.8409
11.474 832.2493 27.8410
11.484 832.2811 27.8413
11.494 832.2653 27.8434
11.504 832.2810 27.8430
11.514 832.2399 27.8418
11.524 832.2931 27.8435
11.534 832.2665 27.8422
11.544 832.2738 27.8422
11.554 832.2825 27.8446
11.564 832.2889 27.8433
11.574 832.2822 27.8418
11.584 832.2804 27.8427
11.594 832.2614 27.8442
11.604 832.2687 27.8433
11.614 832.2802 27.8435
11.624 832.2539 27.8433
11.634 832.2436 27.8427
11.644 832.2957 27.8457
11.654 832.2772 27.8447
11.664 832.2706 27.8415
11.674 832.2858 27.8409
11.684 832.2543 27.8417
11.694 832.2527 27.8435
11.704 832.2866 27.8439
11.714 832.2768 27.8427
11.724 832.2878 27.8427
11.734 832.3202 27.8433
11.744 832.2618 27.8453
11.754 832.2881 27.8455
11.764 832.2688 27.8451
11.774 832.2543 27.8443
11.784 832.2913 27.8435
11.794 832.2560 27.8451
11.804 832.2825 27.8446
11.814 832.2709 27.8443
11.824 832.2777 27.8467
11.834 832.2867 27.8476
11.844 832.2766 27.8462
11.854 832.2378 27.8453
11.864 832.2475 27.8446
11.874 832.2695 27.8463
11.884 832.2844 27.8455
11.894 832.2566 27.8437
11.904 832.2888 27.8477
11.914 832.2943 27.8504
11.924 832.2308 27.8481
11.934 832.2182 27.8455
11.944 832.2930 27.8453
11.954 832.2762 27.8451
11.964 832.2741 27.8450
11.974 832.2847 27.8457
11.984 832.2867 27.8476
11.994 832.3088 27.8485
12.004 832.2740 27.8467
12.014 832.3078 27.8462
12.024 832.2766 27.8462
12.034 832.2805 27.8463
12.044 832.2726 27.8488
12.054 832.2413 27.8488
12.064 832.2808 27.8465
12.074 832.2489 27.8480
12.084 832.2878 27.8481
12.094 832.2617 27.8470
12.104 832.2956 27.8474
12.114 832.2771 27.8465
12.124 832.2749 27.8481
12.134 832.2530 27.8500
12.144 832.2807 27.8482
12.154 832.2672 27.8470
12.164 832.2793 27.8476
12.174 832.2541 27.8478
12.184 832.2786 27.8481
12.194 832.2851 27.8477
12.204 832.2973 27.8482
12.214 832.2918 27.8492
12.224 832.2979 27.8494
12.234 832.2785 27.8498
12.244 832.2638 27.8498
12.254 832.2797 27.8486
12.264 832.2983 27.8478
12.274 832.2818 27.8488
12.284 832.2819 27.8497
12.294 832.2753 27.8492
12.304 832.2827 27.8501
12.314 832.2880 27.8500
12.324 832.3204 27.8488
12.334 832.2880 27.8500
12.344 832.3025 27.8508
12.354 832.2847 27.8493
12.364 832.2728 27.8480
12.374 832.2891 27.8505
12.384 832.2594 27.8513
12.394 832.3014 27.8502
12.404 832.2628 27.8512
12.414 832.2771 27.8518
12.424 832.2739 27.8512
12.434 832.2870 27.8513
12.444 832.2809 27.8528
12.454 832.2910 27.8514
12.464 832.3025 27.8508
12.474 832.2765 27.8506
12.484 832.2906 27.8504
12.494 832.2937 27.8528
12.504 832.3042 27.8525
12.514 832.2699 27.8537
12.524 832.2927 27.8532
12.534 832.2812 27.8512
12.544 832.3060 27.8516
12.554 832.2663 27.8510
12.564 832.2382 27.8517
12.574 832.2729 27.8542
12.584 832.3169 27.8533
12.594 832.3204 27.8514
12.604 832.3044 27.8517
12.614 832.3149 27.8514
12.624 832.2811 27.8529
12.634 832.2511 27.8517
12.644 832.2846 27.8537
12.654 832.2949 27.8569
12.664 832.2986 27.8542
12.674 832.2364 27.8526
12.684 832.3143 27.8538
12.694 832.2787 27.8544
12.704 832.2885 27.8529
12.714 832.2414 27.8524
12.724 832.3065 27.8545
12.734 832.2684 27.8565
12.744 832.2787 27.8553
12.754 832.3083 27.8536
12.764 832.2923 27.8538
12.774 832.2714 27.8553
12.784 832.2826 27.8545
12.794 832.2983 27.8532
12.804 832.2792 27.8546
12.814 832.3008 27.8553
12.824 832.2984 27.8550
12.834 832.2888 27.8557
12.844 832.2842 27.8544
12.854 832.3102 27.8545
12.864 832.2913 27.8552
12.874 832.2749 27.8534
12.884 832.2527 27.8525
12.894 832.2767 27.8534
12.904 832.2698 27.8554
12.914 832.2616 27.8541
12.924 832.2724 27.8549
12.934 832.2973 27.8572
12.944 832.3024 27.8552
12.954 832.2865 27.8564
12.964 832.2785 27.8578
12.974 832.2497 27.8564
12.984 832.2778 27.8566
12.994 832.2625 27.8554
13.004 832.2758 27.8548
13.014 832.2381 27.8561
13.024 832.2946 27.8558
13.034 832.2696 27.8562
13.044 832.2853 27.8576
13.054 832.3016 27.8574
13.064 832.3030 27.8564
13.074 832.2932 27.8578
13.084 832.2883 27.8590
13.094 832.2777 27.8584
13.104 832.2772 27.8581
13.114 832.2866 27.8573
13.124 832.2844 27.8572
13.134 832.2710 27.8569
13.144 832.2761 27.8576
13.154 832.2802 27.8596
13.164 832.2930 27.8586
13.174 832.2855 27.8568
13.184 832.3023 27.8569
13.194 832.2787 27.8570
13.204 832.2824 27.8580
13.214 832.2926 27.8576
13.224 832.2843 27.8589
13.234 832.2829 27.8600
13.244 832.2867 27.8565
13.254 832.2812 27.8565
13.264 832.2470 27.8586
13.274 832.2808 27.8598
13.284 832.2785 27.8615
13.294 832.2814 27.8611
13.304 832.2900 27.8598
13.314 832.2824 27.8580
13.324 832.2670 27.8585
13.334 832.2738 27.8609
13.344 832.2838 27.8613
13.354 832.2927 27.8612
13.364 832.3064 27.8589
13.374 832.2315 27.8582
13.384 832.2785 27.8605
13.394 832.2823 27.8624
13.404 832.2579 27.8621
13.414 832.3127 27.8611
13.424 832.2435 27.8605
13.434 832.2772 27.8608
13.444 832.2804 27.8615
13.454 832.2533 27.8608
13.464 832.2791 27.8617
13.474 832.2586 27.8616
13.484 832.2958 27.8600
13.494 832.2565 27.8615
13.504 832.2845 27.8635
13.514 832.3020 27.8621
13.524 832.2866 27.8600
13.534 832.2912 27.8623
13.544 832.2692 27.8623
13.554 832.2904 27.8619
13.564 832.2666 27.8628
13.574 832.2482 27.8628
13.584 832.2876 27.8623
13.594 832.2528 27.8615
13.604 832.2575 27.8637
13.614 832.2953 27.8633
13.624 832.3268 27.8608
13.634 832.2694 27.8615
13.644 832.3015 27.8628
13.654 832.3047 27.8625
13.664 832.2632 27.8629
13.674 832.2863 27.8625
13.684 832.2700 27.8627
13.694 832.2877 27.8641
13.704 832.2698 27.8635
13.714 832.2681 27.8617
13.724 832.2957 27.8617
13.734 832.2692 27.8623
13.744 832.3012 27.8617
13.754 832.2721 27.8628
13.764 832.2710 27.8649
13.774 832.2999 27.8647
13.784 832.2418 27.8641
13.794 832.2868 27.8655
13.804 832.2778 27.8647
13.814 832.2959 27.8645
13.824 832.2452 27.8640
13.834 832.2985 27.8640
13.844 832.3187 27.8667
13.854 832.2887 27.8664
13.864 832.2448 27.8656
13.874 832.3004 27.8649
13.884 832.2679 27.8652
13.894 832.2693 27.8668
13.904 832.3008 27.8660
13.914 832.2547 27.8651
13.924 832.3188 27.8649
13.934 832.2770 27.8643
13.944 832.2777 27.8664
13.954 832.2812 27.8672
13.964 832.2624 27.8661
13.974 832.2823 27.8677
13.984 832.2997 27.8681
13.994 832.2895 27.8659
14.004 832.3002 27.8657
14.014 832.2925 27.8673
14.024 832.2973 27.8679
14.034 832.2778 27.8673
14.044 832.3093 27.8665
14.054 832.2619 27.8659
14.064 832.2989 27.8651
14.074 832.2846 27.8671
14.084 832.2904 27.8672
14.094 832.2838 27.8667
14.104 832.2466 27.8683
14.114 832.2721 27.8681
14.124 832.2886 27.8672
14.134 832.2851 27.8664
14.144 832.2700 27.8680
14.154 832.3053 27.8691
14.164 832.2773 27.8680
14.174 832.2871 27.8683
14.184 832.3197 27.8689
14.194 832.2685 27.8691
14.204 832.2910 27.8684
14.214 832.2851 27.8691
14.224 832.2657 27.8677
14.234 832.2512 27.8669
14.244 832.3018 27.8709
14.254 832.2874 27.8720
14.264 832.2852 27.8709
14.274 832.2782 27.8711
14.284 832.2770 27.8696
14.294 832.2766 27.8685
14.304 832.2790 27.8688
14.314 832.2845 27.8688
14.324 832.3011 27.8688
14.334 832.2927 27.8692
14.344 832.2919 27.8688
14.354 832.2963 27.8683
14.364 832.2920 27.8697
14.374 832.2381 27.8695
14.384 832.2684 27.8708
14.394 832.2956 27.8724
14.404 832.2897 27.8713
14.414 832.2863 27.8715
14.424 832.2579 27.8711
14.434 832.2745 27.8711
14.444 832.2776 27.8708
14.454 832.2920 27.8697
14.464 832.2713 27.8704
14.474 832.2919 27.8715
14.484 832.2726 27.8711
14.494 832.2639 27.8704
14.504 832.3137 27.8713
14.514 832.2662 27.8724
14.524 832.2649 27.8727
14.534 832.3014 27.8725
14.544 832.2992 27.8715
14.554 832.3098 27.8721
14.564 832.2536 27.8725
14.574 832.3000 27.8719
14.584 832.2636 27.8729
14.594 832.2785 27.8721
14.604 832.2851 27.8727
14.614 832.2793 27.8743
14.624 832.2584 27.8731
14.634 832.2828 27.8707
14.644 832.2638 27.8695
14.654 832.3122 27.8697
14.664 832.2888 27.8727
14.674 832.2775 27.8725
14.684 832.2433 27.8720
14.694 832.2702 27.8725
14.704 832.2494 27.8723
14.714 832.2476 27.8732
14.724 832.2787 27.8740
14.734 832.2952 27.8731
14.744 832.2955 27.8741
14.754 832.2562 27.8747
14.764 832.2794 27.8735
14.774 832.2730 27.8748
14.784 832.2728 27.8729
14.794 832.2937 27.8741
14.804 832.2767 27.8748
14.814 832.2681 27.8733
14.824 832.3108 27.8744
14.834 832.2799 27.8755
14.844 832.2857 27.8756
14.854 832.2724 27.8745
14.864 832.3016 27.8744
14.874 832.2573 27.8752
14.884 832.2558 27.8736
14.894 832.2731 27.8731
14.904 832.2543 27.8747
14.914 832.2579 27.8737
14.924 832.2714 27.8723
14.934 832.2586 27.8723
14.944 832.2754 27.8724
14.954 832.2793 27.8725
14.964 832.2294 27.8724
14.974 832.2621 27.8731
14.984 832.2928 27.8755
14.994 832.2755 27.8760
15.004 832.2969 27.8748
15.014 832.3062 27.8758
15.024 832.2760 27.8763
15.034 832.2537 27.8735
15.044 832.2676 27.8731
15.054 832.2582 27.8739
15.064 832.2907 27.8754
15.074 832.2455 27.8758
15.084 832.2733 27.8749
15.094 832.2603 27.8767
15.104 832.2729 27.8766
15.114 832.2931 27.8766
15.124 832.2863 27.8768
15.134 832.2525 27.8774
15.144 832.2875 27.8783
15.154 832.3011 27.8778
15.164 832.2542 27.8764
15.174 832.2735 27.8751
15.184 832.2781 27.8755
15.194 832.2941 27.8762
15.204 832.2724 27.8772
15.214 832.2712 27.8784
15.224 832.2764 27.8774
15.234 832.2492 27.8758
15.244 832.3085 27.8751
15.254 832.2653 27.8764
15.264 832.2936 27.8786
15.274 832.2216 27.8784
15.284 832.2269 27.8766
15.294 832.3044 27.8758
15.304 832.2654 27.8774
15.314 832.2768 27.8794
15.324 832.2878 27.8784
15.334 832.2777 27.8771
15.344 832.2729 27.8766
15.354 832.2882 27.8768
15.364 832.2869 27.8798
15.374 832.3037 27.8799
15.384 832.2544 27.8783
15.394 832.3083 27.8786
15.404 832.2844 27.8786
15.414 832.2563 27.8792
15.424 832.2766 27.8792
15.434 832.2683 27.8779
15.444 832.2675 27.8775
15.454 832.2891 27.8782
15.464 832.2230 27.8791
15.474 832.2442 27.8787
15.484 832.2719 27.8770
15.494 832.2929 27.8774
15.504 832.2871 27.8790
15.514 832.2454 27.8802
15.524 832.2836 27.8818
15.534 832.2691 27.8810
15.544 832.3091 27.8816
15.554 832.3077 27.8827
15.564 832.2722 27.8807
15.574 832.2666 27.8798
15.584 832.2845 27.8795
15.594 832.2578 27.8782
15.604 832.2636 27.8783
15.614 832.2631 27.8790
15.624 832.2213 27.8783
15.634 832.2836 27.8782
15.644 832.2733 27.8803
15.654 832.2942 27.8798
15.664 832.2729 27.8792
15.674 832.3046 27.8812
15.684 832.2886 27.8815
15.694 832.2637 27.8819
15.704 832.2599 27.8810
15.714 832.2866 27.8796
15.724 832.2667 27.8807
15.734 832.2526 27.8810
15.744 832.2628 27.8806
15.754 832.2802 27.8810
15.764 832.2602 27.8811
15.774 832.2808 27.8822
15.784 832.2598 27.8827
15.794 832.2954 27.8812
15.804 832.2661 27.8795
15.814 832.2691 27.8810
15.824 832.3066 27.8831
15.834 832.2702 27.8815
15.844 832.2539 27.8807
15.854 832.2689 27.8818
15.864 832.2933 27.8811
15.874 832.2760 27.8816
15.884 832.2618 27.8836
15.894 832.2616 27.8844
15.904 832.2794 27.8842
15.914 832.2874 27.8827
15.924 832.2743 27.8826
15.934 832.2630 27.8824
15.944 832.2809 27.8831
15.954 832.2693 27.8855
15.964 832.2810 27.8840
15.974 832.2899 27.8812
15.984 832.2680 27.8804
15.994 832.2733 27.8830
16.004 832.2279 27.8842
16.014 832.2762 27.8835
16.024 832.2741 27.8834
16.034 832.2754 27.8831
16.044 832.2888 27.8834
16.054 832.2802 27.8819
16.064 832.2483 27.8807
16.074 832.2651 27.8826
16.084 832.2738 27.8832
16.094 832.2620 27.8838
16.104 832.3010 27.8848
16.114 832.2994 27.8840
16.124 832.2781 27.8844
16.134 832.2889 27.8843
16.144 832.2929 27.8854
16.154 832.2829 27.8850
16.164 832.2862 27.8839
16.174 832.2457 27.8839
16.184 832.2484 27.8843
16.194 832.2720 27.8868
16.204 832.2649 27.8860
16.214 832.2547 27.8864
16.224 832.2519 27.8878
16.234 832.2703 27.8851
16.244 832.2710 27.8846
16.254 832.2474 27.8847
16.264 832.2665 27.8842
16.274 832.2555 27.8868
16.284 832.2897 27.8874
16.294 832.2446 27.8860
16.304 832.2653 27.8854
16.314 832.2824 27.8856
16.324 832.2699 27.8867
16.334 832.2590 27.8850
16.344 832.2526 27.8846
16.354 832.2448 27.8852
16.364 832.2453 27.8846
16.374 832.2295 27.8840
16.384 832.2816 27.8852
16.394 832.2575 27.8860
16.404 832.2759 27.8860
16.414 832.2530 27.8883
16.424 832.2849 27.8895
16.434 832.3003 27.8880
16.444 832.2577 27.8879
16.454 832.2411 27.8906
16.464 832.2948 27.8880
16.474 832.2904 27.8859
16.484 832.2564 27.8882
16.494 832.2620 27.8891
16.504 832.3069 27.8886
16.514 832.2632 27.8879
16.524 832.2618 27.8872
16.534 832.2854 27.8862
16.544 832.2809 27.8858
16.554 832.2857 27.8863
16.564 832.2762 27.8888
16.574 832.2486 27.8888
16.584 832.2800 27.8871
16.594 832.2737 27.8876
16.604 832.2880 27.8883
16.614 832.2683 27.8886
16.624 832.2572 27.8886
16.634 832.2701 27.8886
16.644 832.2800 27.8880
16.654 832.2566 27.8874
16.664 832.2595 27.8879
16.674 832.2699 27.8894
16.684 832.2569 27.8902
16.694 832.2364 27.8901
16.704 832.2927 27.8888
16.714 832.2867 27.8886
16.724 832.2536 27.8895
16.734 832.2749 27.8891
16.744 832.2675 27.8891
16.754 832.2914 27.8882
16.764 832.2831 27.8895
16.774 832.3162 27.8922
16.784 832.2654 27.8917
16.794 832.2589 27.8921
16.804 832.2647 27.8922
16.814 832.2564 27.8909
16.824 832.2792 27.8903
16.834 832.2619 27.8909
16.844 832.2798 27.8906
16.854 832.2466 27.8897
16.864 832.2505 27.8898
16.874 832.2727 27.8907
16.884 832.2615 27.8915
16.894 832.2523 27.8925
16.904 832.2591 27.8913
16.914 832.2648 27.8905
16.924 832.2856 27.8917
16.934 832.2527 27.8909
16.944 832.2650 27.8906
16.954 832.2854 27.8915
16.964 832.2719 27.8913
16.974 832.2368 27.8921
16.984 832.2845 27.8938
16.994 832.3166 27.8915
17.004 832.2811 27.8913
17.014 832.2502 27.8923
17.024 832.2298 27.8931
17.034 832.3040 27.8943
17.044 832.2783 27.8943
17.054 832.2791 27.8947
17.064 832.2623 27.8946
17.074 832.2591 27.8949
17.084 832.2854 27.8942
17.094 832.2522 27.8933
17.104 832.2294 27.8938
17.114 832.2590 27.8930
17.124 832.2466 27.8933
17.134 832.2504 27.8942
17.144 832.2602 27.8918
17.154 832.2756 27.8939
17.164 832.3136 27.8954
17.174 832.2778 27.8923
17.184 832.2464 27.8931
17.194 832.2877 27.8935
17.204 832.2627 27.8939
17.214 832.2682 27.8966
17.224 832.2738 27.8966
17.234 832.2842 27.8954
17.244 832.2982 27.8942
17.254 832.2661 27.8929
17.264 832.2723 27.8950
17.274 832.3038 27.8969
17.284 832.2854 27.8942
17.294 832.2547 27.8927
17.304 832.2732 27.8937
17.314 832.2876 27.8953
17.324 832.2913 27.8962
17.334 832.2696 27.8946
17.344 832.2894 27.8953
17.354 832.3003 27.8970
17.364 832.2902 27.8957
17.374 832.2361 27.8953
17.384 832.2732 27.8963
17.394 832.2520 27.8967
17.404 832.2561 27.8961
17.414 832.2440 27.8955
17.424 832.2594 27.8977
17.434 832.2636 27.8979
17.444 832.2438 27.8963
17.454 832.2421 27.8955
17.464 832.2893 27.8970
17.474 832.2627 27.8993
17.484 832.2850 27.8985
17.494 832.2694 27.8981
17.504 832.2619 27.8962
17.514 832.2800 27.8961
17.524 832.2946 27.8969
17.534 832.2854 27.8969
17.544 832.2497 27.8974
17.554 832.2706 27.8969
17.564 832.2556 27.8967
17.574 832.2767 27.8971
17.584 832.2716 27.8982
17.594 832.2877 27.8971
17.604 832.2767 27.8971
17.614 832.2527 27.8989
17.624 832.2701 27.8993
17.634 832.2918 27.8982
17.644 832.2565 27.8945
17.654 832.2855 27.8961
17.664 832.2691 27.8997
17.674 832.2549 27.8999
17.684 832.3249 27.9009
17.694 832.2646 27.8993
17.704 832.2728 27.8970
17.714 832.2436 27.8971
17.724 832.2529 27.8981
17.734 832.2720 27.9002
17.744 832.2803 27.9015
17.754 832.2633 27.8995
17.764 832.2635 27.8987
17.774 832.2853 27.8995
17.784 832.2553 27.8983
17.794 832.2709 27.8970
17.804 832.2626 27.8983
17.814 832.2458 27.9009
17.824 832.2747 27.9006
17.834 832.2899 27.8999
17.844 832.2610 27.9002
17.854 832.2722 27.8994
17.864 832.3014 27.8993
17.874 832.2438 27.8990
17.884 832.2695 27.8990
17.894 832.2648 27.8994
17.904 832.2464 27.8994
17.914 832.2683 27.9002
17.924 832.2720 27.9002
17.934 832.2591 27.9002
17.944 832.2463 27.9011
17.954 832.3029 27.9018
17.964 832.2657 27.8998
17.974 832.2842 27.8990
17.984 832.2385 27.9018
17.994 832.2882 27.9018
18.004 832.2702 27.9002
18.014 832.3086 27.9010
18.024 832.2418 27.9007
18.034 832.2762 27.9005
18.044 832.2908 27.9013
18.054 832.2337 27.9013
18.064 832.2657 27.9025
18.074 832.2549 27.9026
18.084 832.2475 27.9026
18.094 832.2957 27.9037
18.104 832.2638 27.9025
18.114 832.2668 27.9003
18.124 832.2530 27.9017
18.134 832.2368 27.9027
18.144 832.2728 27.9006
18.154 832.2609 27.8993
18.164 832.2708 27.9014
18.174 832.2342 27.9033
18.184 832.2825 27.9026
18.194 832.2545 27.9015
18.204 832.2654 27.9023
18.214 832.2888 27.9030
18.224 832.2586 27.9026
18.234 832.2786 27.9034
18.244 832.3011 27.9018
18.254 832.2358 27.9005
18.264 832.3161 27.9019
18.274 832.2666 27.9038
18.284 832.2526 27.9033
18.294 832.2534 27.9037
18.304 832.2492 27.9034
18.314 832.2585 27.9017
18.324 832.2253 27.9007
18.334 832.2633 27.8995
18.344 832.2622 27.9017
18.354 832.2742 27.9040
18.364 832.2747 27.9033
18.374 832.2188 27.9011
18.384 832.2667 27.9021
18.394 832.2734 27.9036
18.404 832.2490 27.9042
18.414 832.2759 27.9048
18.424 832.2868 27.9038
18.434 832.2542 27.9032
18.444 832.2492 27.9034
18.454 832.2537 27.9038
18.464 832.2842 27.9044
18.474 832.2840 27.9052
18.484 832.2461 27.9037
18.494 832.2588 27.9018
18.504 832.2660 27.9036
18.514 832.2462 27.9056
18.524 832.2694 27.9061
18.534 832.2752 27.9062
18.544 832.2613 27.9066
18.554 832.2140 27.9069
18.564 832.2466 27.9066
18.574 832.2739 27.9065
18.584 832.2736 27.9064
18.594 832.2422 27.9072
18.604 832.2719 27.9073
18.614 832.2646 27.9056
18.624 832.2879 27.9070
18.634 832.2641 27.9080
18.644 832.2442 27.9064
18.654 832.2613 27.9066
18.664 832.2512 27.9080
18.674 832.2780 27.9076
18.684 832.2318 27.9057
18.694 832.2725 27.9058
18.704 832.2572 27.9073
18.714 832.2714 27.9080
18.724 832.2795 27.9074
18.734 832.2986 27.9086
18.744 832.2480 27.9073
18.754 832.2961 27.9048
18.764 832.2365 27.9053
18.774 832.2524 27.9068
18.784 832.2709 27.9077
18.794 832.2475 27.9080
18.804 832.2510 27.9061
18.814 832.2614 27.9049
18.824 832.2573 27.9056
18.834 832.2986 27.9086
18.844 832.2506 27.9094
18.854 832.2853 27.9076
18.864 832.2929 27.9094
18.874 832.2636 27.9086
18.884 832.2391 27.9074
18.894 832.2588 27.9081
18.904 832.2505 27.9085
18.914 832.2596 27.9102
18.924 832.2378 27.9104
18.934 832.2751 27.9106
18.944 832.2616 27.9094
18.954 832.2461 27.9073
18.964 832.2344 27.9078
18.974 832.2597 27.9085
18.984 832.2323 27.9086
18.994 832.2554 27.9082
19.004 832.2452 27.9086
19.014 832.2286 27.9077
19.024 832.2659 27.9080
19.034 832.2265 27.9112
19.044 832.2427 27.9101
19.054 832.2806 27.9080
19.064 832.2591 27.9109
19.074 832.2358 27.9121
19.084 832.2638 27.9105
19.094 832.2500 27.9092
19.104 832.2689 27.9085
19.114 832.2545 27.9096
19.124 832.2570 27.9108
19.134 832.2733 27.9106
19.144 832.3010 27.9116
19.154 832.2606 27.9125
19.164 832.2640 27.9124
19.174 832.2869 27.9128
19.184 832.2732 27.9124
19.194 832.2677 27.9124
19.204 832.2798 27.9129
19.214 832.2300 27.9120
19.224 832.2899 27.9116
19.234 832.2757 27.9118
19.244 832.2404 27.9108
19.254 832.2291 27.9106
19.264 832.2589 27.9117
19.274 832.2621 27.9124
19.284 832.2757 27.9118
19.294 832.2641 27.9106
19.304 832.2771 27.9125
19.314 832.2341 27.9130
19.324 832.2471 27.9122
19.334 832.2807 27.9142
19.344 832.2684 27.9145
19.354 832.2499 27.9136
19.364 832.2823 27.9141
19.374 832.2641 27.9133
19.384 832.2689 27.9112
19.394 832.2964 27.9112
19.404 832.2772 27.9134
19.414 832.3068 27.9153
19.424 832.2706 27.9129
19.434 832.2448 27.9102
19.444 832.2483 27.9110
19.454 832.2495 27.9125
19.464 832.2590 27.9153
19.474 832.2482 27.9154
19.484 832.2262 27.9128
19.494 832.2520 27.9137
19.504 832.2734 27.9152
19.514 832.2742 27.9146
19.524 832.2204 27.9126
19.534 832.2650 27.9120
19.544 832.2712 27.9141
19.554 832.2955 27.9152
19.564 832.2684 27.9145
19.574 832.2649 27.9137
19.584 832.2614 27.9129
19.594 832.2409 27.9154
19.604 832.2577 27.9156
19.614 832.2642 27.9152
19.624 832.2556 27.9181
19.634 832.2336 27.9164
19.644 832.2736 27.9144
19.654 832.2479 27.9144
19.664 832.2412 27.9156
19.674 832.2591 27.9162
19.684 832.2671 27.9175
19.694 832.2771 27.9179
19.704 832.2549 27.9160
19.714 832.2613 27.9146
19.724 832.2425 27.9136
19.734 832.2450 27.9148
19.744 832.2710 27.9166
19.754 832.3117 27.9168
19.764 832.2726 27.9148
19.774 832.2473 27.9141
19.784 832.2402 27.9169
19.794 832.2711 27.9185
19.804 832.2351 27.9180
19.814 832.2599 27.9166
19.824 832.2604 27.9160
19.834 832.2337 27.9146
19.844 832.2881 27.9142
19.854 832.2562 27.9166
19.864 832.2470 27.9166
19.874 832.2609 27.9162
19.884 832.2556 27.9154
19.894 832.2641 27.9160
19.904 832.2471 27.9176
19.914 832.2548 27.9177
19.924 832.2357 27.9192
19.934 832.2668 27.9200
19.944 832.2814 27.9191
19.954 832.2700 27.9180
19.964 832.2783 27.9166
19.974 832.2353 27.9172
19.984 832.2548 27.9187
19.994 832.2521 27.9173
20.004 832.2387 27.9171
20.014 832.2682 27.9180
20.024 832.2826 27.9179
20.034 832.2469 27.9184
20.044 832.2519 27.9181
20.054 832.2670 27.9192
20.064 832.2734 27.9205
20.074 832.2457 27.9187
20.084 832.2480 27.9189
20.094 832.2794 27.9199
20.104 832.2807 27.9169
20.114 832.2378 27.9166
20.124 832.2527 27.9185
20.134 832.2677 27.9187
20.144 832.2603 27.9204
20.154 832.2600 27.9203
20.164 832.2754 27.9188
20.174 832.2395 27.9201
20.184 832.2602 27.9221
20.194 832.2587 27.9232
20.204 832.3033 27.9225
20.214 832.2513 27.9205
20.224 832.2486 27.9192
20.234 832.2548 27.9204
20.244 832.2567 27.9213
20.254 832.2748 27.9212
20.264 832.2574 27.9208
20.274 832.2823 27.9195
20.284 832.2747 27.9203
20.294 832.2724 27.9209
20.304 832.2587 27.9205
20.314 832.2652 27.9201
20.324 832.2454 27.9212
20.334 832.2738 27.9216
20.344 832.2371 27.9199
20.354 832.2489 27.9193
20.364 832.2869 27.9208
20.374 832.2342 27.9229
20.384 832.2622 27.9213
20.394 832.2785 27.9212
20.404 832.2439 27.9223
20.414 832.2568 27.9223
20.424 832.2380 27.9239
20.434 832.2585 27.9240
20.444 832.2787 27.9240
20.454 832.2730 27.9239
20.464 832.2536 27.9216
20.474 832.2499 27.9216
20.484 832.2697 27.9232
20.494 832.2558 27.9227
20.504 832.2695 27.9231
20.514 832.2637 27.9256
20.524 832.2479 27.9260
20.534 832.2585 27.9240
20.544 832.2728 27.9247
20.554 832.2826 27.9259
20.564 832.2390 27.9235
20.574 832.2610 27.9225
20.584 832.2519 27.9235
20.594 832.2847 27.9233
20.604 832.2655 27.9229
20.614 832.2770 27.9223
20.624 832.2668 27.9227
20.634 832.2760 27.9227
20.644 832.2464 27.9235
20.654 832.2791 27.9224
20.664 832.2605 27.9232
20.674 832.2835 27.9272
20.684 832.2655 27.9256
20.694 832.2406 27.9233
20.704 832.2259 27.9243
20.714 832.2784 27.9256
20.724 832.3126 27.9261
20.734 832.2545 27.9256
20.744 832.2358 27.9255
20.754 832.2515 27.9251
20.764 832.2532 27.9232
20.774 832.2479 27.9233
20.784 832.2753 27.9268
20.794 832.2569 27.9295
20.804 832.2859 27.9275
20.814 832.2609 27.9243
20.824 832.2589 27.9251
20.834 832.2389 27.9252
20.844 832.2379 27.9256
20.854 832.2688 27.9272
20.864 832.2570 27.9277
20.874 832.2554 27.9269
20.884 832.2442 27.9260
20.894 832.2502 27.9280
20.904 832.2710 27.9283
20.914 832.2625 27.9268
20.924 832.2629 27.9261
20.934 832.2538 27.9271
20.944 832.2982 27.9263
20.954 832.2441 27.9241
20.964 832.2594 27.9253
20.974 832.2775 27.9269
20.984 832.2575 27.9271
20.994 832.2516 27.9260
21.004 832.2396 27.9273
21.014 832.2624 27.9285
21.024 832.2602 27.9275
21.034 832.2380 27.9265
21.044 832.2580 27.9264
21.054 832.2057 27.9269
21.064 832.2787 27.9267
21.074 832.2391 27.9271
21.084 832.2727 27.9291
21.094 832.2567 27.9293
21.104 832.2897 27.9284
21.114 832.2952 27.9284
21.124 832.2571 27.9287
21.134 832.2837 27.9291
21.144 832.2335 27.9288
21.154 832.2420 27.9276
21.164 832.2678 27.9276
21.174 832.2586 27.9276
21.184 832.2503 27.9289
21.194 832.2402 27.9303
21.204 832.2807 27.9276
21.214 832.2613 27.9280
21.224 832.2579 27.9281
21.234 832.2471 27.9283
21.244 832.2551 27.9295
21.254 832.2366 27.9285
21.264 832.2685 27.9297
21.274 832.2678 27.9303
21.284 832.2605 27.9312
21.294 832.2804 27.9301
21.304 832.2354 27.9297
21.314 832.2330 27.9322
21.324 832.2492 27.9311
21.334 832.2464 27.9297
21.344 832.2386 27.9304
21.354 832.2415 27.9327
21.364 832.2870 27.9334
21.374 832.2763 27.9318
21.384 832.2331 27.9304
21.394 832.2449 27.9299
21.404 832.2625 27.9304
21.414 832.2675 27.9328
21.424 832.2679 27.9339
21.434 832.2188 27.9315
21.444 832.2589 27.9304
21.454 832.2432 27.9318
21.464 832.2554 27.9323
21.474 832.2517 27.9323
21.484 832.2483 27.9324
21.494 832.2549 27.9330
21.504 832.2747 27.9336
21.514 832.2475 27.9330
21.524 832.2626 27.9314
21.534 832.2496 27.9322
21.544 832.2566 27.9320
21.554 832.2492 27.9311
21.564 832.2605 27.9339
21.574 832.2666 27.9342
21.584 832.2622 27.9320
21.594 832.2657 27.9328
21.604 832.2335 27.9342
21.614 832.2508 27.9336
21.624 832.2699 27.9304
21.634 832.2443 27.9296
21.644 832.2612 27.9324
21.654 832.2404 27.9322
21.664 832.2357 27.9326
21.674 832.2528 27.9328
21.684 832.2409 27.9324
21.694 832.2594 27.9334
21.704 832.2377 27.9344
21.714 832.2551 27.9348
21.724 832.2847 27.9340
21.734 832.2417 27.9355
21.744 832.2860 27.9364
21.754 832.2739 27.9342
21.764 832.2561 27.9344
21.774 832.2554 27.9350
21.784 832.2335 27.9342
21.794 832.3123 27.9340
21.804 832.2534 27.9340
21.814 832.2496 27.9348
21.824 832.2851 27.9351
21.834 832.2473 27.9355
21.844 832.2796 27.9360
21.854 832.2516 27.9367
21.864 832.2588 27.9358
21.874 832.2232 27.9346
21.884 832.2509 27.9328
21.894 832.2339 27.9335
21.904 832.2577 27.9352
21.914 832.2261 27.9342
21.924 832.2544 27.9336
21.934 832.2393 27.9352
21.944 832.2523 27.9362
21.954 832.2797 27.9343
21.964 832.2618 27.9336
21.974 832.2238 27.9348
21.984 832.2363 27.9364
21.994 832.2634 27.9362
22.004 832.2463 27.9368
22.014 832.2869 27.9378
22.024 832.2452 27.9363
22.034 832.2645 27.9367
22.044 832.2640 27.9374
22.054 832.2802 27.9363
22.064 832.2362 27.9355
22.074 832.2459 27.9375
22.084 832.2728 27.9390
22.094 832.2568 27.9392
22.104 832.2537 27.9395
22.114 832.2781 27.9388
22.124 832.2886 27.9395
22.134 832.3057 27.9388
22.144 832.2295 27.9367
22.154 832.2305 27.9363
22.164 832.2239 27.9358
22.174 832.2322 27.9371
22.184 832.2659 27.9383
22.194 832.2729 27.9372
22.204 832.2576 27.9370
22.214 832.2795 27.9378
22.224 832.2716 27.9375
22.234 832.2441 27.9384
22.244 832.2750 27.9400
22.254 832.2377 27.9371
22.264 832.2669 27.9352
22.274 832.2518 27.9395
22.284 832.2635 27.9407
22.294 832.2770 27.9383
22.304 832.2753 27.9375
22.314 832.2677 27.9374
22.324 832.2536 27.9386
22.334 832.2562 27.9407
22.344 832.2633 27.9415
22.354 832.2758 27.9395
22.364 832.3127 27.9387
22.374 832.2533 27.9411
22.384 832.2551 27.9402
22.394 832.2689 27.9388
22.404 832.2753 27.9402
22.414 832.2596 27.9406
22.424 832.2555 27.9422
22.434 832.2772 27.9411
22.444 832.2444 27.9386
22.454 832.2346 27.9383
22.464 832.2576 27.9396
22.474 832.2713 27.9391
22.484 832.2242 27.9395
22.494 832.2514 27.9402
22.504 832.2818 27.9398
22.514 832.2714 27.9410
22.524 832.2618 27.9416
22.534 832.2552 27.9394
22.544 832.2650 27.9370
22.554 832.2094 27.9386
22.564 832.2252 27.9408
22.574 832.2387 27.9420
22.584 832.2711 27.9426
22.594 832.2667 27.9414
22.604 832.2385 27.9402
22.614 832.2657 27.9391
22.624 832.2399 27.9382
22.634 832.2379 27.9390
22.644 832.2693 27.9408
22.654 832.2589 27.9420
22.664 832.2622 27.9436
22.674 832.2605 27.9446
22.684 832.2416 27.9426
22.694 832.2490 27.9426
22.704 832.2666 27.9431
22.714 832.2797 27.9423
22.724 832.2548 27.9427
22.734 832.2654 27.9416
22.744 832.2475 27.9410
22.754 832.2694 27.9418
22.764 832.2798 27.9432
22.774 832.2755 27.9447
22.784 832.2571 27.9447
22.794 832.2714 27.9436
22.804 832.2629 27.9422
22.814 832.2416 27.9426
22.824 832.2561 27.9424
22.834 832.2769 27.9427
22.844 832.2369 27.9430
22.854 832.2333 27.9439
22.864 832.2486 27.9442
22.874 832.2577 27.9432
22.884 832.2696 27.9436
22.894 832.2639 27.9444
22.904 832.2541 27.9442
22.914 832.2509 27.9435
22.924 832.2412 27.9442
22.934 832.2484 27.9450
22.944 832.2413 27.9451
22.954 832.2676 27.9444
22.964 832.2516 27.9430
22.974 832.2570 27.9438
22.984 832.2577 27.9459
22.994 832.2326 27.9444
23.004 832.2701 27.9439
23.014 832.2738 27.9439
23.024 832.2970 27.9444
23.034 832.2501 27.9458
23.044 832.2400 27.9444
23.054 832.2473 27.9444
23.064 832.2387 27.9447
23.074 832.2405 27.9447
23.084 832.2674 27.9453
23.094 832.2586 27.9446
23.104 832.2825 27.9446
23.114 832.2360 27.9443
23.124 832.2356 27.9459
23.134 832.2432 27.9478
23.144 832.2794 27.9475
23.154 832.2434 27.9479
23.164 832.2629 27.9475
23.174 832.2720 27.9466
23.184 832.2376 27.9469
23.194 832.2551 27.9465
23.204 832.2385 27.9455
23.214 832.2722 27.9467
23.224 832.2534 27.9474
23.234 832.2565 27.9471
23.244 832.2491 27.9471
23.254 832.2517 27.9466
23.264 832.2643 27.9465
23.274 832.2459 27.9465
23.284 832.2481 27.9449
23.294 832.2418 27.9444
23.304 832.2308 27.9471
23.314 832.2533 27.9491
23.324 832.2525 27.9487
23.334 832.2479 27.9483
23.344 832.2455 27.9471
23.354 832.2327 27.9454
23.364 832.2664 27.9466
23.374 832.2427 27.9485
23.384 832.2672 27.9487
23.394 832.2674 27.9479
23.404 832.2532 27.9482
23.414 832.2529 27.9481
23.424 832.2539 27.9477
23.434 832.2573 27.9475
23.444 832.2766 27.9479
23.454 832.2407 27.9493
23.464 832.2597 27.9505
23.474 832.2360 27.9497
23.484 832.2538 27.9494
23.494 832.2336 27.9494
23.504 832.2475 27.9490
23.514 832.2557 27.9494
23.524 832.2508 27.9479
23.534 832.2382 27.9481
23.544 832.2486 27.9495
23.554 832.2509 27.9489
23.564 832.2665 27.9475
23.574 832.2406 27.9483
23.584 832.2717 27.9491
23.594 832.2249 27.9497
23.604 832.2419 27.9507
23.614 832.2518 27.9502
23.624 832.2262 27.9494
23.634 832.2326 27.9498
23.644 832.2484 27.9503
23.654 832.2753 27.9509
23.664 832.2557 27.9494
23.674 832.2009 27.9487
23.684 832.2468 27.9505
23.694 832.2459 27.9491
23.704 832.2530 27.9490
23.714 832.2467 27.9495
23.724 832.2468 27.9505
23.734 832.2743 27.9522
23.744 832.2714 27.9517
23.754 832.2454 27.9515
23.764 832.2232 27.9506
23.774 832.2737 27.9510
23.784 832.2498 27.9510
23.794 832.2873 27.9505
23.804 832.2639 27.9507
23.814 832.2716 27.9509
23.824 832.2120 27.9514
23.834 832.2685 27.9521
23.844 832.2524 27.9514
23.854 832.2586 27.9526
23.864 832.2573 27.9529
23.874 832.2328 27.9526
23.884 832.2505 27.9531
23.894 832.2372 27.9511
23.904 832.2654 27.9523
23.914 832.2574 27.9511
23.924 832.2477 27.9509
23.934 832.2632 27.9539
23.944 832.2782 27.9541
23.954 832.2467 27.9522
23.964 832.2573 27.9529
23.974 832.2501 27.9547
23.984 832.2495 27.9535
23.994 832.2764 27.9541
24.004 832.2263 27.9530
24.014 832.2452 27.9523
24.024 832.2248 27.9531
24.034 832.2550 27.9535
24.044 832.2484 27.9530
24.054 832.2064 27.9531
24.064 832.2580 27.9541
24.074 832.2558 27.9530
24.084 832.2586 27.9553
24.094 832.2568 27.9562
24.104 832.2341 27.9550
24.114 832.2485 27.9539
24.124 832.2751 27.9543
24.134 832.2481 27.9555
24.144 832.2679 27.9562
24.154 832.2348 27.9562
24.164 832.2602 27.9551
24.174 832.2408 27.9555
24.184 832.2379 27.9559
24.194 832.2419 27.9570
24.204 832.2740 27.9565
24.214 832.2991 27.9553
24.224 832.2741 27.9547
24.234 832.2538 27.9547
24.244 832.2686 27.9557
24.254 832.2559 27.9549
24.264 832.2901 27.9554
24.274 832.2808 27.9535
24.284 832.2061 27.9530
24.294 832.2894 27.9559
24.304 832.2756 27.9573
24.314 832.2232 27.9559
24.324 832.2564 27.9542
24.334 832.2402 27.9553
24.344 832.2694 27.9561
24.354 832.2465 27.9557
24.364 832.2603 27.9561
24.374 832.2542 27.9585
24.384 832.2334 27.9582
24.394 832.2627 27.9573
24.404 832.2620 27.9551
24.414 832.2663 27.9537
24.424 832.2542 27.9558
24.434 832.2576 27.9557
24.444 832.2628 27.9555
24.454 832.2617 27.9550
24.464 832.2866 27.9563
24.474 832.2411 27.9566
24.484 832.2461 27.9563
24.494 832.2664 27.9573
24.504 832.2718 27.9563
24.514 832.2546 27.9578
24.524 832.2403 27.9589
24.534 832.2292 27.9589
24.544 832.2457 27.9579
24.554 832.2361 27.9559
24.564 832.2242 27.9555
24.574 832.2587 27.9562
24.584 832.2270 27.9578
24.594 832.2549 27.9606
24.604 832.2657 27.9605
24.614 832.2484 27.9583
24.624 832.2139 27.9577
24.634 832.2305 27.9586
24.644 832.2442 27.9590
24.654 832.2358 27.9585
24.664 832.2330 27.9571
24.674 832.2593 27.9574
24.684 832.2810 27.9590
24.694 832.2407 27.9582
24.704 832.2659 27.9579
24.714 832.2253 27.9588
24.724 832.2563 27.9586
24.734 832.2427 27.9592
24.744 832.2555 27.9609
24.754 832.2463 27.9592
24.764 832.2683 27.9582
24.774 832.2526 27.9586
24.784 832.2400 27.9588
24.794 832.2763 27.9594
24.804 832.2550 27.9589
24.814 832.2381 27.9578
24.824 832.2550 27.9589
24.834 832.2724 27.9620
24.844 832.2750 27.9614
24.854 832.2770 27.9606
24.864 832.2683 27.9609
24.874 832.2428 27.9610
24.884 832.2398 27.9596
24.894 832.2355 27.9583
24.904 832.2357 27.9602
24.914 832.2641 27.9606
24.924 832.2551 27.9625
24.934 832.2511 27.9624
24.944 832.2537 27.9592
24.954 832.2322 27.9594
24.964 832.2396 27.9604
24.974 832.2582 27.9622
24.984 832.2625 27.9634
24.994 832.2436 27.9605
25.004 832.2325 27.9605
25.014 832.2464 27.9628
25.024 832.2626 27.9644
25.034 832.2492 27.9641
25.044 832.2380 27.9622
25.054 832.2465 27.9610
25.064 832.2202 27.9608
25.074 832.2662 27.9634
25.084 832.2247 27.9638
25.094 832.2479 27.9617
25.104 832.2624 27.9598
25.114 832.2887 27.9618
25.124 832.3185 27.9629
25.134 832.2461 27.9617
25.144 832.2454 27.9632
25.154 832.2443 27.9626
25.164 832.2218 27.9633
25.174 832.2565 27.9632
25.184 832.2728 27.9613
25.194 832.2373 27.9610
25.204 832.2354 27.9628
25.214 832.2795 27.9654
25.224 832.2351 27.9653
25.234 832.2415 27.9630
25.244 832.2268 27.9613
25.254 832.2415 27.9630
25.264 832.2423 27.9634
25.274 832.2600 27.9622
25.284 832.2564 27.9622
25.294 832.2481 27.9636
25.304 832.2413 27.9638
25.314 832.2845 27.9625
25.324 832.2290 27.9624
25.334 832.2513 27.9642
25.344 832.2249 27.9657
25.354 832.2679 27.9642
25.364 832.2673 27.9640
25.374 832.2382 27.9650
25.384 832.2611 27.9654
25.394 832.2672 27.9657
25.404 832.2666 27.9645
25.414 832.2467 27.9656
25.424 832.2506 27.9648
25.434 832.2563 27.9640
25.444 832.2800 27.9648
25.454 832.2553 27.9653
25.464 832.2524 27.9674
25.474 832.2641 27.9660
25.484 832.2354 27.9654
25.494 832.2496 27.9661
25.504 832.2738 27.9662
25.514 832.2372 27.9654
25.524 832.2443 27.9653
25.534 832.2487 27.9674
25.544 832.2288 27.9685
25.554 832.2538 27.9654
25.564 832.2843 27.9633
25.574 832.2861 27.9650
25.584 832.2746 27.9657
25.594 832.2663 27.9644
25.604 832.2620 27.9658
25.614 832.2596 27.9682
25.624 832.2422 27.9678
25.634 832.2713 27.9668
25.644 832.2879 27.9650
25.654 832.2320 27.9656
25.664 832.2695 27.9677
25.674 832.2721 27.9672
25.684 832.2345 27.9668
25.694 832.2463 27.9672
25.704 832.2238 27.9678
25.714 832.2341 27.9684
25.724 832.2730 27.9658
25.734 832.2683 27.9662
25.744 832.2314 27.9680
25.754 832.2319 27.9673
25.764 832.2632 27.9673
25.774 832.2491 27.9685
25.784 832.2540 27.9682
25.794 832.2275 27.9678
25.804 832.2592 27.9698
25.814 832.2869 27.9708
25.824 832.2561 27.9674
25.834 832.2336 27.9664
25.844 832.2806 27.9686
25.854 832.2413 27.9665
25.864 832.2164 27.9652
25.874 832.2638 27.9685
25.884 832.2343 27.9702
25.894 832.2474 27.9677
25.904 832.2521 27.9673
25.914 832.2794 27.9698
25.924 832.2448 27.9709
25.934 832.2776 27.9698
25.944 832.2746 27.9693
25.954 832.2480 27.9706
25.964 832.2543 27.9684
25.974 832.2288 27.9658
25.984 832.2524 27.9674
25.994 832.2699 27.9688
26.004 832.2130 27.9680
26.014 832.2419 27.9677
26.024 832.2492 27.9694
26.034 832.2505 27.9701
26.044 832.2575 27.9690
26.054 832.2391 27.9690
26.064 832.2384 27.9696
26.074 832.2661 27.9705
26.084 832.2648 27.9708
26.094 832.2799 27.9692
26.104 832.2636 27.9693
26.114 832.2756 27.9706
26.124 832.2590 27.9706
26.134 832.2525 27.9710
26.144 832.2664 27.9733
26.154 832.2630 27.9744
26.164 832.2693 27.9712
26.174 832.2463 27.9698
26.184 832.2507 27.9720
26.194 832.2635 27.9710
26.204 832.2576 27.9700
26.214 832.2842 27.9704
26.224 832.2507 27.9720
26.234 832.2624 27.9732
26.244 832.2751 27.9713
26.254 832.2551 27.9714
26.264 832.2575 27.9717
26.274 832.2598 27.9710
26.284 832.2299 27.9717
26.294 832.2800 27.9728
26.304 832.2036 27.9741
26.314 832.2655 27.9729
26.324 832.2526 27.9720
26.334 832.2705 27.9727
26.344 832.2359 27.9737
26.354 832.2251 27.9739
26.364 832.2403 27.9732
26.374 832.2358 27.9728
26.384 832.2446 27.9708
26.394 832.2588 27.9714
26.404 832.2439 27.9722
26.414 832.2600 27.9729
26.424 832.2576 27.9727
26.434 832.2620 27.9721
26.444 832.2451 27.9737
26.454 832.2898 27.9740
26.464 832.2298 27.9735
26.474 832.2423 27.9724
26.484 832.2412 27.9745
26.494 832.2486 27.9745
26.504 832.2669 27.9736
26.514 832.2606 27.9741
26.524 832.2727 27.9737
26.534 832.2411 27.9753
26.544 832.2643 27.9741
26.554 832.2450 27.9728
26.564 832.2507 27.9747
26.574 832.2533 27.9741
26.584 832.2253 27.9731
26.594 832.2407 27.9743
26.604 832.2246 27.9763
26.614 832.2666 27.9761
26.624 832.2188 27.9761
26.634 832.2526 27.9756
26.644 832.2620 27.9748
26.654 832.2432 27.9755
26.664 832.2587 27.9759
26.674 832.2524 27.9781
26.684 832.2553 27.9760
26.694 832.2490 27.9729
26.704 832.2720 27.9743
26.714 832.2436 27.9748
26.724 832.2657 27.9748
26.734 832.2642 27.9759
26.744 832.2513 27.9749
26.754 832.2447 27.9753
26.764 832.2390 27.9761
26.774 832.2578 27.9745
26.784 832.2575 27.9771
26.794 832.2961 27.9797
26.804 832.2570 27.9768
26.814 832.2661 27.9759
26.824 832.2591 27.9769
26.834 832.2619 27.9765
26.844 832.2447 27.9780
26.854 832.2287 27.9783
26.864 832.2478 27.9777
26.874 832.2559 27.9763
26.884 832.2204 27.9769
26.894 832.2279 27.9779
26.904 832.2647 27.9779
26.914 832.2516 27.9787
26.924 832.2491 27.9775
26.934 832.2726 27.9755
26.944 832.2378 27.9773
26.954 832.2518 27.9779
26.964 832.2386 27.9768
26.974 832.2517 27.9769
26.984 832.2672 27.9764
26.994 832.2539 27.9780
27.004 832.2577 27.9789
27.014 832.2075 27.9787
27.024 832.2357 27.9772
27.034 832.2451 27.9791
27.044 832.2139 27.9773
27.054 832.2403 27.9759
27.064 832.2730 27.9792
27.074 832.2520 27.9797
27.084 832.2473 27.9801
27.094 832.2541 27.9799
27.104 832.2443 27.9796
27.114 832.2744 27.9808
27.124 832.2422 27.9821
27.134 832.2626 27.9804
27.144 832.2616 27.9791
27.154 832.2673 27.9800
27.164 832.2408 27.9805
27.174 832.2405 27.9804
27.184 832.2662 27.9795
27.194 832.2099 27.9789
27.204 832.2489 27.9809
27.214 832.2243 27.9815
27.224 832.2498 27.9787
27.234 832.2551 27.9768
27.244 832.2268 27.9773
27.254 832.2431 27.9799
27.264 832.2492 27.9811
27.274 832.2167 27.9823
27.284 832.2376 27.9835
27.294 832.2560 27.9808
27.304 832.2643 27.9795
27.314 832.2466 27.9816
27.324 832.2290 27.9811
27.334 832.2667 27.9797
27.344 832.2413 27.9808
27.354 832.2511 27.9811
27.364 832.2510 27.9801
27.374 832.2626 27.9813
27.384 832.2478 27.9831
27.394 832.2643 27.9821
27.404 832.2369 27.9813
27.414 832.2231 27.9827
27.424 832.2243 27.9815
27.434 832.2501 27.9797
27.444 832.2598 27.9817
27.454 832.2457 27.9829
27.464 832.2357 27.9825
27.474 832.2484 27.9833
27.484 832.2752 27.9839
27.494 832.2423 27.9831
27.504 832.2532 27.9839
27.514 832.2352 27.9832
27.524 832.2875 27.9827
27.534 832.2634 27.9835
27.544 832.2621 27.9837
27.554 832.2634 27.9835
27.564 832.2611 27.9841
27.574 832.2691 27.9853
27.584 832.2537 27.9841
27.594 832.2399 27.9828
27.604 832.2417 27.9845
27.614 832.2576 27.9860
27.624 832.2670 27.9825
27.634 832.2622 27.9820
27.644 832.2434 27.9836
27.654 832.2239 27.9831
27.664 832.2365 27.9856
27.674 832.2400 27.9864
27.684 832.2678 27.9856
27.694 832.2521 27.9860
27.704 832.2321 27.9835
27.714 832.2305 27.9836
27.724 832.2627 27.9849
27.734 832.2495 27.9839
27.744 832.2579 27.9844
27.754 832.2187 27.9859
27.764 832.2670 27.9852
27.774 832.2473 27.9855
27.784 832.2465 27.9860
27.794 832.2386 27.9831
27.804 832.2229 27.9835
27.814 832.2454 27.9855
27.824 832.2442 27.9840
27.834 832.2338 27.9843
27.844 832.2441 27.9848
27.854 832.2430 27.9843
27.864 832.2492 27.9837
27.874 832.2251 27.9845
27.884 832.2484 27.9860
27.894 832.2652 27.9861
27.904 832.2845 27.9848
27.914 832.2211 27.9844
27.924 832.2621 27.9864
27.934 832.2457 27.9856
27.944 832.2601 27.9855
27.954 832.2802 27.9863
27.964 832.2654 27.9853
27.974 832.2408 27.9868
27.984 832.2680 27.9875
27.994 832.2484 27.9860
28.004 832.2433 27.9853
28.014 832.2294 27.9857
28.024 832.2542 27.9861
28.034 832.2737 27.9867
28.044 832.2340 27.9871
28.054 832.2269 27.9872
28.064 832.2359 27.9880
28.074 832.2529 27.9891
28.084 832.2427 27.9895
28.094 832.2343 27.9872
28.104 832.2372 27.9851
28.114 832.2285 27.9844
28.124 832.2085 27.9845
28.134 832.2389 27.9859
28.144 832.2574 27.9868
28.154 832.2326 27.9864
28.164 832.2579 27.9871
28.174 832.2597 27.9888
28.184 832.2255 27.9892
28.194 832.2322 27.9898
28.204 832.2463 27.9895
28.214 832.2284 27.9888
28.224 832.2308 27.9891
28.234 832.2448 27.9896
28.244 832.2528 27.9908
28.254 832.2399 27.9908
28.264 832.2405 27.9894
28.274 832.2364 27.9900
28.284 832.2582 27.9899
28.294 832.2447 27.9887
28.304 832.2409 27.9878
28.314 832.2498 27.9876
28.324 832.2479 27.9867
28.334 832.2232 27.9863
28.344 832.2334 27.9912
28.354 832.2505 27.9915
28.364 832.2403 27.9892
28.374 832.2584 27.9891
28.384 832.2908 27.9896
28.394 832.2522 27.9906
28.404 832.2333 27.9903
28.414 832.2580 27.9907
28.424 832.2284 27.9888
28.434 832.2573 27.9886
28.444 832.2269 27.9899
28.454 832.2544 27.9916
28.464 832.2343 27.9926
28.474 832.2539 27.9914
28.484 832.2678 27.9910
28.494 832.2535 27.9903
28.504 832.2440 27.9902
28.514 832.2551 27.9902
28.524 832.2535 27.9903
28.534 832.2276 27.9911
28.544 832.2718 27.9920
28.554 832.2335 27.9904
28.564 832.2659 27.9910
28.574 832.2480 27.9930
28.584 832.2457 27.9936
28.594 832.2465 27.9940
28.604 832.2583 27.9908
28.614 832.2577 27.9906
28.624 832.2414 27.9924
28.634 832.2824 27.9927
28.644 832.2331 27.9938
28.654 832.2344 27.9935
28.664 832.2497 27.9920
28.674 832.2725 27.9906
28.684 832.2312 27.9911
28.694 832.2503 27.9923
28.704 832.2221 27.9920
28.714 832.2896 27.9935
28.724 832.2645 27.9930
28.734 832.2647 27.9922
28.744 832.2210 27.9915
28.754 832.2340 27.9924
28.764 832.2310 27.9946
28.774 832.2684 27.9948
28.784 832.2531 27.9946
28.794 832.2611 27.9931
28.804 832.2332 27.9920
28.814 832.2608 27.9920
28.824 832.2414 27.9934
28.834 832.2569 27.9928
28.844 832.2462 27.9939
28.854 832.2556 27.9958
28.864 832.2764 27.9960
28.874 832.2184 27.9947
28.884 832.2317 27.9931
28.894 832.2770 27.9946
28.904 832.2513 27.9946
28.914 832.2380 27.9935
28.924 832.2595 27.9950
28.934 832.2340 27.9951
28.944 832.2533 27.9938
28.954 832.2646 27.9939
28.964 832.2045 27.9942
28.974 832.2300 27.9950
28.984 832.2482 27.9958
28.994 832.2229 27.9942
29.004 832.2521 27.9950
29.014 832.2790 27.9955
29.024 832.2686 27.9940
29.034 832.2604 27.9963
29.044 832.2508 27.9979
29.054 832.2623 27.9972
29.064 832.2447 27.9976
29.074 832.2466 27.9976
29.084 832.2516 27.9983
29.094 832.2330 27.9982
29.104 832.2265 27.9968
29.114 832.2271 27.9971
29.124 832.2789 27.9946
29.134 832.2186 27.9939
29.144 832.2383 27.9963
29.154 832.2685 27.9958
29.164 832.2595 27.9950
29.174 832.2287 27.9952
29.184 832.2337 27.9950
29.194 832.2585 27.9954
29.204 832.2673 27.9970
29.214 832.2479 27.9974
29.224 832.2372 27.9984
29.234 832.2429 27.9976
29.244 832.2570 27.9964
29.254 832.2462 27.9966
29.264 832.2596 27.9986
29.274 832.2710 27.9996
29.284 832.2360 27.9996
29.294 832.2594 27.9994
29.304 832.2502 27.9967
29.314 832.2197 27.9971
29.324 832.2312 27.9964
29.334 832.2310 27.9972
29.344 832.2620 27.9998
29.354 832.2540 27.9986
29.364 832.2320 27.9986
29.374 832.2232 28.0006
29.384 832.2479 28.0010
29.394 832.2391 27.9994
29.404 832.2756 27.9992
29.414 832.2496 27.9991
29.424 832.2435 27.9988
29.434 832.2470 27.9996
29.444 832.2737 27.9983
29.454 832.2655 27.9979
29.464 832.2559 27.9986
29.474 832.2284 27.9995
29.484 832.2500 28.0002
29.494 832.2352 27.9992
29.504 832.2282 28.0003
29.514 832.2963 28.0003
29.524 832.2561 28.0014
29.534 832.2851 28.0021
29.544 832.2626 28.0000
29.554 832.2548 28.0007
29.564 832.2415 27.9996
29.574 832.2440 27.9982
29.584 832.2256 27.9982
29.594 832.1989 27.9995
29.604 832.2302 28.0022
29.614 832.2684 28.0029
29.624 832.2374 28.0030
29.634 832.2509 28.0015
29.644 832.2434 28.0006
29.654 832.2612 28.0021
29.664 832.2450 28.0004
29.674 832.2745 27.9987
29.684 832.2321 28.0004
29.694 832.2124 28.0007
29.704 832.2443 28.0010
29.714 832.2589 28.0027
29.724 832.2528 28.0025
29.734 832.2261 28.0011
29.744 832.2226 27.9994
29.754 832.2387 28.0000
29.764 832.2238 28.0009
29.774 832.2531 28.0026
29.784 832.2134 28.0030
29.794 832.2409 28.0011
29.804 832.2137 28.0004
29.814 832.2679 28.0009
29.824 832.2389 28.0029
29.834 832.2430 28.0039
29.844 832.2453 28.0033
29.854 832.2643 28.0018
29.864 832.2473 28.0025
29.874 832.2773 28.0027
29.884 832.2296 28.0019
29.894 832.2633 28.0022
29.904 832.2350 28.0027
29.914 832.2590 28.0037
29.924 832.2672 28.0041
29.934 832.2507 28.0023
29.944 832.2328 28.0017
29.954 832.2342 28.0033
29.964 832.2576 28.0030
29.974 832.2470 28.0023
29.984 832.2579 28.0031
29.994 832.2137 28.0031
