# 3D truss design Renninger - Sotomayor
#
# number of joints, bars, reactions, loads
15 39  6  0
#
# coordinates of joints
1 0 0 0
2 11 0 0
3 11 11 0
4 0 11 0
5 0 11 7
6 11 11 7
7 11 20 7
8 11 20 0
9 0 20 0
10 0 20 7
11 0 29 7
12 11 29 7
13 11 29 0
14 0 29 0
15 5.5 33.9 0
#
# connectivity of bars
1   1   2
2   1   4 
3   1   5 
4   1   3
5   2   3 
6   2   6
7   2   5
8   3   4
9   3   6
10  3   9
11  3   8
12  4   5
13  4   9
14  5   6
15  5   10
16  5   7
17  5   9
18  6   8
19  6   7
20  7   8
21  7   10
22  7   12
23  7   11
24  8   13
25  8   9
26  8   12
27  9   10
28  9   11
29  9   14
30  9   13
31  10  11
32  11  12
33  11  14
34  11  15
35  12  13
36  12  15
37  13  14
38  13  15
39  14  15
#
# reaction forces
1   -1   1   0
1    0   0   1
2    1   1   0
2    0   0   1
15  -1   0   0
15   0   0   1
#
# external loads
#
# end of file