3-D Truss analysis
------------------

Date: 17-Oct-2016 15:24:44

Input file: design_2.txt

Joints:         Joint-id  x-coordinate y-coordinate  z-coordinate
                1         0.00         0.00         0.00
                2        11.00         0.00         0.00
                3         0.00         8.00         0.00
                4        11.00         8.00         0.00
                5         0.00         8.00         6.00
                6        11.00         8.00         6.00
                7         0.00        16.00         0.00
                8        11.00        16.00         0.00
                9         0.00        16.00        12.00
               10        11.00        16.00        12.00
               11         5.50        22.00         0.00


External loads: Joint-id  Force-x      Force-y      Force-z

Bars:           Bar-id    Joint-i      Joint-j     Force    (T,C)
                1         1            3           0.837     (T)
                2         2            4           0.877     (T)
                3         1            5           1.046     (C)
                4         2            6           1.096     (C)
                5         3            5           0.333     (T)
                6         4            6           0.104     (T)
                7         5            6           0.225     (T)
                8         3            4           0.210     (C)
                9         3            7           0.684     (T)
               10         4            8           0.724     (T)
               11         5            7           0.380     (C)
               12         6            8           0.395     (C)
               13         5            9           0.461     (C)
               14         6           10           0.496     (C)
               15         7            9           0.562     (T)
               16         8           10           0.795     (T)
               17         9           10           0.364     (T)
               18         4            9           0.346     (T)
               19         3            8           0.259     (T)
               20         6            9           0.305     (C)
               21         5            8           0.305     (C)
               22         8           11           0.539     (T)
               23         1            2           0.000     (C)
               24         7            8           0.348     (C)
               25         9           11           0.918     (C)
               26        10           11           0.960     (C)
               27         7           11           0.516     (T)

Reactions:      Joint-id  Uvec-x       Uvec-y      Uvec-z      Force
                2        -0.71         0.71         0.00        0.000
                2         0.00         0.00         1.00        0.895
                1         0.71         0.71         0.00        0.000
                1         0.00         0.00         1.00        0.865
               11        -1.00         0.00         0.00       -0.000
               11         0.00         0.00         1.00        1.852
