3-D Truss analysis
------------------

Date: 29-Oct-2016 14:09:57

Input file: design_RS_2_extLoads.txt

Joints:         Joint-id  x-coordinate y-coordinate z-coordinate
                1         0.00         0.00         0.00 
                2        11.00         0.00         0.00 
                3        11.00        11.00         0.00 
                4         0.00        11.00         0.00 
                5         0.00        11.00         7.00 
                6        11.00        11.00         7.00 
                7        11.00        20.00         7.00 
                8        11.00        20.00         0.00 
                9         0.00        20.00         0.00 
               10         0.00        20.00         7.00 
               11         0.00        29.00         7.00 
               12        11.00        29.00         7.00 
               13        11.00        29.00         0.00 
               14         0.00        29.00         0.00 
               15         5.50        33.90         0.00 


External loads: Joint-id  Force-x      Force-y      Force-z
                3         0.00         0.00        -1.05
                4         0.00         0.00        -1.05
                6         0.00         0.00        -1.05
                8         0.00         0.00        -1.05

Bars:           Bar-id    Joint-i      Joint-j     Force    (T,C)
                1         1            2           0.491     (T)
                2         1            4           2.533     (T)
                3         1            5           2.420     (C)
                4         1            3           0.695     (C)
                5         2            3           5.328     (T)
                6         2            6           5.733     (C)
                7         2            5           0.762     (C)
                8         3            4           0.000     (C)
                9         3            6           1.535     (T)
               10         3            9           0.635     (T)
               11         3            8           4.434     (T)
               12         4            5           1.356     (T)
               13         4            9           2.533     (T)
               14         5            6           0.000     (C)
               15         5           10           2.526     (C)
               16         5            7           0.635     (T)
               17         5            9           0.519     (C)
               18         6            8           0.173     (T)
               19         6            7           4.973     (C)
               20         7            8           0.465     (C)
               21         7           10           0.000     (C)
               22         7           12           4.169     (C)
               23         7           11           0.635     (C)
               24         8           13           2.206     (T)
               25         8            9           0.000     (C)
               26         8           12           2.996     (T)
               27         9           10           0.294     (C)
               28         9           11           1.977     (T)
               29         9           14           1.367     (T)
               30         9           13           0.635     (C)
               31        10           11           2.526     (C)
               32        11           12           2.025     (T)
               33        11           14           0.284     (T)
               34        11           15           2.834     (C)
               35        12           13           0.369     (T)
               36        12           15           3.742     (C)
               37        13           14           1.534     (C)
               38        13           15           2.713     (T)
               39        14           15           2.055     (T)

Reactions:      Joint-id  Uvec-x       Uvec-y      Uvec-z       Force
                1        -0.71         0.71         0.00        0.000
                1         0.00         0.00         1.00        1.681
                2        -0.71        -0.71         0.00       -0.000
                2         0.00         0.00         1.00        3.781
               15        -1.00         0.00         0.00       -0.000
               15         0.00         0.00         1.00        4.818
