3-D Truss analysis
------------------

Date: 29-Oct-2016 15:47:10

Input file: design_RS_2.txt

Joints:         Joint-id  x-coordinate y-coordinate z-coordinate
                1         0.00         0.00         0.00 
                2        11.00         0.00         0.00 
                3        11.00        11.00         0.00 
                4         0.00        11.00         0.00 
                5         0.00        11.00         7.00 
                6        11.00        11.00         7.00 
                7        11.00        20.00         7.00 
                8        11.00        20.00         0.00 
                9         0.00        20.00         0.00 
               10         0.00        20.00         7.00 
               11         0.00        29.00         7.00 
               12        11.00        29.00         7.00 
               13        11.00        29.00         0.00 
               14         0.00        29.00         0.00 
               15         5.50        33.90         0.00 


External loads: Joint-id  Force-x      Force-y      Force-z

Bars:           Bar-id    Joint-i      Joint-j     Force    (T,C)
                1         1            2           0.002     (C)
                2         1            4           1.680     (T)
                3         1            5           1.993     (C)
                4         1            3           0.002     (T)
                5         2            3           1.668     (T)
                6         2            6           1.978     (C)
                7         2            5           0.002     (T)
                8         3            4           0.000     (C)
                9         3            6           0.485     (T)
               10         3            9           0.002     (C)
               11         3            8           1.670     (T)
               12         4            5           0.306     (T)
               13         4            9           1.680     (T)
               14         5            6           0.000     (T)
               15         5           10           1.922     (C)
               16         5            7           0.002     (C)
               17         5            9           0.308     (T)
               18         6            8           0.311     (T)
               19         6            7           1.914     (C)
               20         7            8           0.465     (C)
               21         7           10           0.000     (C)
               22         7           12           1.917     (C)
               23         7           11           0.002     (T)
               24         8           13           1.009     (T)
               25         8            9           0.000     (T)
               26         8           12           1.148     (T)
               27         9           10           0.294     (C)
               28         9           11           1.151     (T)
               29         9           14           1.012     (T)
               30         9           13           0.002     (T)
               31        10           11           1.922     (C)
               32        11           12           1.134     (T)
               33        11           14           0.284     (T)
               34        11           15           2.098     (C)
               35        12           13           0.369     (T)
               36        12           15           2.095     (C)
               37        13           14           1.136     (C)
               38        13           15           1.519     (T)
               39        14           15           1.521     (T)

Reactions:      Joint-id  Uvec-x       Uvec-y      Uvec-z       Force
                1        -0.71         0.71         0.00        0.000
                1         0.00         0.00         1.00        1.452
                2        -0.71        -0.71         0.00        0.000
                2         0.00         0.00         1.00        1.452
               15        -1.00         0.00         0.00        0.000
               15         0.00         0.00         1.00        3.177
